20
1 2
2 3
3 4
4 5
5 6
6 7
7 8
8 9
9 10
10 11
11 12
12 13
13 14
14 15
15 16
16 17
17 18
18 19
19 20
20 1
3 5
10 16
1 14
13 18
19 20
9 14
8 19
2 17
12 13
1 17
11 20
2 7
2 9
12 16
1 18
7 11
8 17
5 14
12 15
10 20
13 16
8 9
10 17
4 7
1 7
5 10
3 7
2 19
7 20
8 14
3 8
7 19
9 15
11 17
2 4
2 13
6 11
15 18
2 15
3 6
8 12
2 18
8 20
6 14
1 16
1 9
14 19
6 7
13 15
14 18
11 12
7 9
17 19
6 9
9 18
1 8
4 14
6 15
12 19
17 20
3 11
9 13
8 15
5 7
2 5
1 3
7 16
6 20
11 15
10 11
7 14
15 16
15 19
9 10
3 13
6 13
3 9
15 17
14 16
16 20
13 19
5 20
8 16
2 12
6 19
14 17
4 5
7 10
3 18
16 17
7 15
5 18
1 19
5 19