100
1 4
1 6
1 11
1 14
1 18
1 20
1 22
1 25
1 26
1 27
1 32
1 34
1 38
1 40
1 41
1 44
1 45
1 49
1 52
1 56
1 61
1 64
1 68
1 70
1 74
1 77
1 80
1 85
1 87
1 89
1 90
1 92
1 93
1 98
1 99
2 2
2 3
2 7
2 11
2 13
2 15
2 17
2 21
2 24
2 29
2 30
2 33
2 37
2 38
2 40
2 42
2 47
2 52
2 57
2 59
2 61
2 62
2 67
2 68
2 70
2 71
2 72
2 75
2 78
2 79
2 82
2 86
2 87
2 89
2 92
2 96
2 99
3 2
3 7
3 12
3 16
3 17
3 22
3 24
3 28
3 29
3 30
3 35
3 40
3 45
3 50
3 54
3 56
3 59
3 61
3 65
3 66
3 67
3 71
3 74
3 79
3 80
3 81
3 85
3 89
3 90
3 94
3 97
3 99
4 3
4 6
4 9
4 13
4 14
4 18
4 20
4 25
4 30
4 33
4 34
4 37
4 41
4 45
4 46
4 48
4 49
4 51
4 53
4 56
4 59
4 61
4 62
4 65
4 67
4 68
4 71
4 75
4 77
4 82
4 84
4 85
4 87
4 89
4 91
4 95
4 97
5 1
5 3
5 4
5 9
5 14
5 15
5 16
5 19
5 20
5 24
5 28
5 33
5 36
5 38
5 43
5 45
5 48
5 53
5 57
5 61
5 65
5 66
5 68
5 72
5 76
5 79
5 81
5 84
5 85
5 86
5 90
5 91
5 93
5 97
5 98
5 99
6 5
6 8
6 9
6 14
6 17
6 22
6 23
6 27
6 28
6 29
6 33
6 34
6 35
6 39
6 42
6 46
6 48
6 50
6 54
6 55
6 59
6 63
6 64
6 66
6 71
6 74
6 77
6 82
6 87
6 92
6 94
6 99
7 4
7 9
7 14
7 16
7 19
7 21
7 25
7 28
7 30
7 31
7 32
7 37
7 41
7 46
7 49
7 51
7 56
7 57
7 58
7 60
7 64
7 66
7 70
7 73
7 74
7 78
7 81
7 85
7 90
7 95
7 99
8 3
8 6
8 11
8 15
8 16
8 21
8 23
8 24
8 26
8 29
8 31
8 32
8 37
8 40
8 42
8 44
8 49
8 53
8 56
8 57
8 59
8 64
8 67
8 69
8 71
8 72
8 73
8 76
8 80
8 83
8 88
8 91
8 96
9 1
9 2
9 7
9 10
9 12
9 16
9 20
9 23
9 24
9 28
9 29
9 31
9 34
9 38
9 42
9 43
9 46
9 47
9 50
9 51
9 53
9 57
9 61
9 66
9 70
9 71
9 75
9 79
9 84
9 89
9 90
9 92
9 97
9 99
10 1
10 3
10 4
10 7
10 12
10 15
10 16
10 21
10 23
10 25
10 30
10 31
10 33
10 35
10 36
10 39
10 41
10 42
10 46
10 49
10 50
10 55
10 58
10 59
10 60
10 63
10 67
10 70
10 75
10 80
10 84
10 86
10 88
10 89
10 90
10 93
10 96
10 97
10 99
11 3
11 6
11 9
11 11
11 12
11 15
11 20
11 21
11 22
11 26
11 28
11 30
11 31
11 35
11 38
11 42
11 44
11 49
11 54
11 58
11 63
11 66
11 68
11 70
11 73
11 77
11 78
11 83
11 86
11 88
11 90
11 95
11 99
12 4
12 7
12 10
12 12
12 13
12 14
12 17
12 21
12 23
12 26
12 27
12 29
12 30
12 32
12 33
12 37
12 40
12 45
12 50
12 54
12 58
12 59
12 64
12 67
12 70
12 73
12 74
12 78
12 81
12 83
12 85
12 89
12 90
12 91
12 96
12 97
12 98
13 4
13 5
13 7
13 12
13 13
13 14
13 16
13 21
13 24
13 25
13 26
13 30
13 31
13 32
13 35
13 36
13 41
13 43
13 44
13 48
13 52
13 56
13 58
13 60
13 65
13 67
13 68
13 73
13 77
13 81
13 82
13 85
13 89
13 92
13 94
13 96
14 3
14 5
14 6
14 9
14 14
14 16
14 17
14 21
14 25
14 30
14 35
14 39
14 44
14 45
14 48
14 51
14 53
14 55
14 59
14 64
14 67
14 70
14 75
14 79
14 81
14 82
14 85
14 88
14 90
14 92
14 95
14 99
15 3
15 8
15 10
15 13
15 18
15 23
15 28
15 30
15 35
15 39
15 41
15 43
15 45
15 50
15 55
15 57
15 58
15 63
15 64
15 65
15 70
15 72
15 73
15 75
15 77
15 81
15 86
15 90
15 92
15 96
16 5
16 7
16 11
16 13
16 16
16 19
16 22
16 25
16 28
16 29
16 30
16 31
16 36
16 39
16 44
16 47
16 49
16 54
16 57
16 58
16 62
16 67
16 71
16 76
16 79
16 82
16 85
16 86
16 89
16 91
16 92
16 97
17 3
17 6
17 11
17 16
17 18
17 21
17 23
17 25
17 30
17 33
17 34
17 38
17 43
17 45
17 49
17 53
17 55
17 57
17 60
17 62
17 65
17 67
17 68
17 73
17 75
17 79
17 82
17 87
17 92
17 97
17 99
18 2
18 5
18 8
18 9
18 13
18 14
18 19
18 22
18 24
18 28
18 31
18 36
18 40
18 41
18 45
18 50
18 51
18 56
18 60
18 62
18 63
18 68
18 69
18 70
18 73
18 75
18 80
18 82
18 85
18 88
18 93
18 97
18 99
19 5
19 9
19 10
19 14
19 16
19 20
19 21
19 25
19 27
19 31
19 33
19 36
19 40
19 41
19 42
19 44
19 47
19 52
19 54
19 57
19 61
19 64
19 68
19 70
19 73
19 74
19 75
19 78
19 80
19 81
19 85
19 88
19 90
19 94
19 96
19 99
20 3
20 8
20 12
20 16
20 18
20 22
20 27
20 31
20 32
20 34
20 37
20 41
20 43
20 47
20 51
20 56
20 61
20 64
20 67
20 70
20 75
20 79
20 82
20 85
20 89
20 90
20 93
20 95
20 99
21 1
21 6
21 7
21 9
21 10
21 11
21 14
21 15
21 16
21 17
21 18
21 20
21 22
21 26
21 31
21 33
21 38
21 40
21 41
21 43
21 46
21 50
21 52
21 55
21 59
21 61
21 66
21 71
21 73
21 74
21 76
21 81
21 86
21 90
21 93
21 96
22 3
22 5
22 10
22 15
22 18
22 20
22 23
22 27
22 32
22 35
22 37
22 42
22 43
22 47
22 52
22 56
22 57
22 58
22 61
22 64
22 69
22 70
22 73
22 76
22 78
22 82
22 85
22 89
22 90
22 92
22 95
22 96
23 5
23 7
23 8
23 13
23 15
23 17
23 21
23 24
23 25
23 26
23 29
23 31
23 36
23 37
23 39
23 43
23 46
23 50
23 54
23 56
23 59
23 60
23 65
23 66
23 70
23 73
23 77
23 81
23 86
23 89
23 90
23 91
23 95
23 98
24 4
24 9
24 13
24 14
24 15
24 18
24 22
24 24
24 27
24 28
24 33
24 35
24 36
24 41
24 46
24 49
24 51
24 53
24 56
24 59
24 63
24 64
24 65
24 70
24 73
24 76
24 81
24 84
24 86
24 88
24 92
24 97
24 98
25 3
25 5
25 10
25 11
25 12
25 17
25 22
25 27
25 32
25 34
25 38
25 43
25 46
25 51
25 53
25 55
25 60
25 65
25 67
25 71
25 73
25 74
25 75
25 80
25 82
25 86
25 91
25 92
25 93
25 97
26 5
26 9
26 13
26 15
26 20
26 21
26 22
26 24
26 28
26 33
26 34
26 37
26 38
26 40
26 45
26 46
26 47
26 48
26 49
26 54
26 58
26 59
26 60
26 65
26 69
26 74
26 77
26 79
26 84
26 85
26 90
26 91
26 95
27 1
27 3
27 6
27 8
27 13
27 17
27 19
27 22
27 27
27 32
27 36
27 41
27 44
27 45
27 50
27 54
27 58
27 61
27 65
27 69
27 72
27 77
27 78
27 82
27 87
27 88
27 93
27 98
28 4
28 6
28 9
28 11
28 16
28 19
28 24
28 25
28 27
28 28
28 30
28 35
28 40
28 41
28 46
28 48
28 52
28 56
28 60
28 64
28 68
28 71
28 72
28 76
28 78
28 80
28 81
28 82
28 83
28 87
28 89
28 94
28 99
29 4
29 8
29 12
29 13
29 18
29 23
29 28
29 29
29 30
29 32
29 34
29 38
29 41
29 43
29 47
29 50
29 55
29 57
29 60
29 65
29 68
29 72
29 73
29 78
29 80
29 81
29 83
29 86
29 89
29 90
29 92
29 93
29 94
29 99
30 1
30 6
30 8
30 12
30 15
30 18
30 20
30 25
30 30
30 31
30 34
30 35
30 37
30 39
30 40
30 41
30 42
30 45
30 50
30 54
30 57
30 58
30 59
30 64
30 67
30 69
30 72
30 75
30 78
30 81
30 85
30 86
30 88
30 90
30 94
30 98
31 1
31 4
31 6
31 11
31 14
31 19
31 20
31 23
31 28
31 29
31 34
31 36
31 37
31 40
31 42
31 43
31 47
31 49
31 53
31 54
31 55
31 59
31 62
31 64
31 68
31 69
31 72
31 74
31 76
31 77
31 80
31 82
31 85
31 87
31 88
31 89
31 90
31 93
31 96
31 99
32 4
32 5
32 9
32 11
32 15
32 17
32 22
32 24
32 27
32 28
32 30
32 32
32 36
32 41
32 44
32 47
32 50
32 51
32 55
32 58
32 62
32 63
32 67
32 68
32 71
32 72
32 75
32 78
32 81
32 84
32 86
32 87
32 91
32 96
33 3
33 7
33 12
33 14
33 15
33 17
33 21
33 25
33 28
33 31
33 33
33 36
33 41
33 43
33 48
33 51
33 53
33 56
33 59
33 64
33 67
33 72
33 76
33 79
33 82
33 87
33 92
33 95
33 96
34 3
34 6
34 11
34 13
34 18
34 21
34 26
34 30
34 31
34 35
34 37
34 40
34 43
34 46
34 50
34 52
34 53
34 56
34 60
34 62
34 64
34 67
34 72
34 76
34 78
34 82
34 86
34 90
34 94
34 98
35 3
35 7
35 12
35 15
35 18
35 19
35 20
35 23
35 24
35 26
35 28
35 33
35 34
35 36
35 37
35 38
35 42
35 46
35 49
35 50
35 53
35 55
35 56
35 61
35 62
35 66
35 69
35 70
35 73
35 75
35 76
35 81
35 83
35 85
35 87
35 91
35 93
35 97
36 2
36 4
36 7
36 9
36 13
36 16
36 19
36 23
36 24
36 29
36 33
36 34
36 37
36 42
36 47
36 50
36 55
36 59
36 60
36 64
36 66
36 69
36 70
36 73
36 78
36 82
36 86
36 89
36 92
36 96
36 98
36 99
37 3
37 8
37 10
37 12
37 16
37 20
37 23
37 27
37 31
37 36
37 39
37 44
37 49
37 54
37 58
37 63
37 66
37 71
37 73
37 76
37 81
37 84
37 86
37 91
37 92
37 93
37 96
37 98
37 99
38 5
38 7
38 10
38 11
38 13
38 17
38 20
38 25
38 29
38 32
38 37
38 41
38 43
38 47
38 49
38 52
38 53
38 56
38 60
38 61
38 65
38 67
38 69
38 72
38 76
38 80
38 85
38 90
38 94
38 98
38 99
39 1
39 5
39 8
39 9
39 13
39 15
39 19
39 20
39 21
39 25
39 29
39 30
39 32
39 33
39 35
39 40
39 41
39 45
39 48
39 52
39 54
39 55
39 57
39 62
39 64
39 67
39 70
39 75
39 79
39 82
39 83
39 84
39 88
39 91
39 92
39 94
39 96
40 4
40 9
40 13
40 18
40 19
40 23
40 26
40 31
40 35
40 36
40 41
40 46
40 48
40 50
40 51
40 54
40 57
40 61
40 63
40 68
40 72
40 77
40 82
40 86
40 91
40 96
40 97
41 4
41 5
41 6
41 9
41 13
41 15
41 16
41 20
41 24
41 29
41 33
41 34
41 35
41 38
41 42
41 46
41 50
41 51
41 55
41 59
41 62
41 65
41 67
41 71
41 75
41 77
41 80
41 83
41 85
41 90
41 95
41 97
41 99
42 2
42 4
42 6
42 8
42 11
42 14
42 19
42 24
42 25
42 28
42 32
42 36
42 39
42 40
42 42
42 43
42 46
42 47
42 51
42 54
42 59
42 61
42 66
42 68
42 71
42 72
42 76
42 77
42 81
42 82
42 84
42 86
42 90
42 95
42 98
42 99
43 1
43 6
43 11
43 12
43 15
43 19
43 20
43 22
43 23
43 24
43 26
43 30
43 33
43 34
43 36
43 41
43 46
43 47
43 52
43 55
43 56
43 57
43 60
43 65
43 67
43 70
43 71
43 76
43 80
43 85
43 87
43 88
43 92
43 95
43 96
43 98
43 99
44 1
44 4
44 8
44 9
44 10
44 12
44 14
44 16
44 17
44 21
44 24
44 29
44 33
44 36
44 40
44 45
44 50
44 51
44 52
44 53
44 54
44 59
44 61
44 62
44 66
44 67
44 70
44 72
44 73
44 74
44 78
44 81
44 84
44 88
44 91
44 96
45 1
45 6
45 10
45 14
45 15
45 19
45 20
45 24
45 28
45 30
45 35
45 39
45 43
45 48
45 53
45 55
45 58
45 61
45 63
45 68
45 72
45 76
45 81
45 85
45 86
45 91
45 94
45 99
46 2
46 4
46 5
46 10
46 12
46 13
46 14
46 16
46 21
46 25
46 26
46 27
46 31
46 35
46 37
46 42
46 43
46 47
46 50
46 54
46 55
46 58
46 61
46 63
46 67
46 72
46 73
46 74
46 79
46 81
46 85
46 88
46 93
46 97
47 2
47 7
47 11
47 12
47 17
47 18
47 21
47 24
47 29
47 33
47 35
47 37
47 42
47 43
47 45
47 50
47 51
47 55
47 58
47 62
47 66
47 70
47 71
47 76
47 78
47 82
47 84
47 87
47 92
47 95
47 98
47 99
48 3
48 4
48 8
48 10
48 15
48 20
48 22
48 24
48 27
48 28
48 32
48 36
48 38
48 39
48 44
48 49
48 53
48 58
48 63
48 67
48 71
48 74
48 79
48 81
48 86
48 87
48 92
48 96
48 99
49 5
49 9
49 10
49 13
49 16
49 18
49 22
49 23
49 24
49 26
49 28
49 33
49 36
49 38
49 42
49 46
49 49
49 52
49 55
49 56
49 59
49 64
49 66
49 67
49 68
49 70
49 72
49 73
49 77
49 82
49 86
49 91
49 96
49 97
49 99
50 3
50 8
50 13
50 17
50 18
50 19
50 20
50 24
50 28
50 30
50 31
50 34
50 38
50 40
50 42
50 43
50 46
50 49
50 52
50 54
50 55
50 59
50 64
50 69
50 73
50 78
50 82
50 83
50 86
50 89
50 94
50 99
51 3
51 7
51 12
51 13
51 15
51 16
51 18
51 21
51 26
51 28
51 29
51 31
51 33
51 38
51 39
51 44
51 45
51 46
51 51
51 52
51 55
51 58
51 60
51 61
51 64
51 68
51 73
51 78
51 79
51 82
51 83
51 86
51 89
51 91
51 96
52 1
52 5
52 9
52 12
52 13
52 18
52 19
52 24
52 29
52 34
52 37
52 39
52 40
52 45
52 49
52 54
52 55
52 60
52 65
52 66
52 67
52 71
52 72
52 76
52 80
52 81
52 82
52 84
52 89
52 91
52 92
52 95
52 97
53 2
53 5
53 7
53 9
53 13
53 17
53 21
53 26
53 30
53 33
53 37
53 41
53 46
53 51
53 54
53 56
53 58
53 61
53 66
53 68
53 71
53 76
53 81
53 85
53 86
53 87
53 91
53 96
54 1
54 2
54 3
54 6
54 10
54 11
54 12
54 14
54 17
54 18
54 19
54 20
54 21
54 23
54 25
54 30
54 34
54 39
54 41
54 44
54 46
54 50
54 54
54 55
54 58
54 62
54 65
54 68
54 72
54 74
54 79
54 83
54 88
54 90
54 93
54 96
54 99
55 5
55 6
55 8
55 10
55 13
55 17
55 22
55 25
55 27
55 31
55 32
55 33
55 38
55 43
55 47
55 49
55 53
55 55
55 57
55 58
55 60
55 65
55 67
55 70
55 74
55 78
55 83
55 85
55 88
55 90
55 93
55 95
55 99
56 1
56 5
56 9
56 12
56 14
56 18
56 19
56 21
56 22
56 27
56 32
56 34
56 39
56 43
56 48
56 50
56 52
56 57
56 61
56 65
56 68
56 72
56 73
56 77
56 80
56 82
56 83
56 84
56 89
56 91
56 96
57 5
57 10
57 12
57 15
57 20
57 23
57 26
57 27
57 32
57 34
57 36
57 41
57 42
57 45
57 46
57 51
57 54
57 59
57 64
57 65
57 67
57 70
57 75
57 78
57 79
57 84
57 88
57 90
57 91
57 96
57 97
58 4
58 9
58 14
58 18
58 20
58 22
58 25
58 30
58 33
58 35
58 38
58 39
58 41
58 45
58 50
58 53
58 56
58 59
58 63
58 66
58 68
58 71
58 74
58 76
58 77
58 78
58 80
58 81
58 84
58 88
58 89
58 91
58 94
58 97
59 4
59 6
59 7
59 9
59 14
59 19
59 23
59 26
59 29
59 32
59 33
59 36
59 41
59 42
59 47
59 51
59 55
59 59
59 64
59 68
59 72
59 75
59 76
59 77
59 78
59 80
59 84
59 87
59 88
59 91
59 95
59 99
60 2
60 7
60 12
60 14
60 17
60 19
60 21
60 26
60 27
60 28
60 33
60 38
60 42
60 47
60 50
60 55
60 56
60 59
60 62
60 63
60 67
60 70
60 74
60 76
60 79
60 83
60 85
60 88
60 93
60 97
61 1
61 5
61 10
61 13
61 15
61 16
61 20
61 23
61 26
61 31
61 33
61 35
61 40
61 42
61 45
61 50
61 54
61 56
61 58
61 62
61 64
61 65
61 68
61 72
61 73
61 77
61 78
61 83
61 87
61 92
61 95
61 99
62 3
62 7
62 9
62 10
62 11
62 15
62 16
62 21
62 23
62 28
62 29
62 31
62 32
62 33
62 36
62 38
62 43
62 47
62 51
62 53
62 55
62 60
62 62
62 66
62 70
62 75
62 78
62 81
62 85
62 87
62 91
62 92
62 93
62 95
62 99
63 4
63 8
63 12
63 17
63 21
63 26
63 28
63 33
63 36
63 39
63 40
63 43
63 45
63 47
63 49
63 52
63 57
63 62
63 65
63 66
63 71
63 72
63 76
63 77
63 78
63 80
63 83
63 86
63 91
63 94
63 97
64 3
64 4
64 6
64 9
64 11
64 12
64 14
64 15
64 18
64 22
64 26
64 30
64 35
64 36
64 41
64 43
64 47
64 52
64 55
64 56
64 57
64 62
64 63
64 65
64 70
64 73
64 76
64 78
64 80
64 84
64 88
64 93
64 94
64 99
65 2
65 4
65 8
65 12
65 14
65 19
65 23
65 27
65 29
65 32
65 34
65 39
65 44
65 48
65 50
65 55
65 58
65 61
65 64
65 66
65 71
65 76
65 81
65 85
65 90
65 94
65 99
66 5
66 8
66 10
66 11
66 14
66 19
66 23
66 25
66 26
66 28
66 32
66 35
66 38
66 43
66 47
66 48
66 52
66 55
66 56
66 57
66 62
66 66
66 68
66 69
66 73
66 75
66 80
66 84
66 85
66 89
66 92
66 97
67 2
67 3
67 4
67 5
67 9
67 10
67 12
67 16
67 21
67 23
67 24
67 28
67 32
67 36
67 37
67 38
67 39
67 42
67 47
67 51
67 54
67 59
67 60
67 63
67 66
67 67
67 70
67 75
67 78
67 79
67 80
67 84
67 87
67 88
67 92
67 93
67 96
67 99
68 4
68 8
68 10
68 14
68 16
68 21
68 26
68 30
68 32
68 36
68 38
68 39
68 44
68 46
68 49
68 51
68 56
68 59
68 62
68 64
68 67
68 72
68 77
68 79
68 81
68 82
68 86
68 90
68 93
68 98
69 3
69 4
69 7
69 8
69 13
69 15
69 19
69 22
69 24
69 25
69 29
69 30
69 34
69 35
69 37
69 40
69 45
69 47
69 51
69 53
69 54
69 58
69 63
69 66
69 67
69 71
69 74
69 77
69 82
69 87
69 89
69 94
69 95
69 99
70 3
70 4
70 9
70 13
70 14
70 17
70 22
70 26
70 31
70 34
70 38
70 43
70 44
70 46
70 49
70 51
70 53
70 56
70 57
70 59
70 62
70 65
70 66
70 68
70 73
70 77
70 78
70 83
70 86
70 87
70 90
70 92
70 93
70 95
71 1
71 2
71 5
71 6
71 7
71 8
71 10
71 11
71 16
71 20
71 24
71 27
71 30
71 34
71 36
71 41
71 45
71 47
71 49
71 52
71 55
71 59
71 63
71 68
71 69
71 70
71 71
71 74
71 79
71 81
71 86
71 91
71 94
71 99
72 2
72 5
72 10
72 13
72 17
72 18
72 19
72 20
72 21
72 23
72 26
72 30
72 35
72 36
72 37
72 39
72 43
72 44
72 47
72 52
72 54
72 59
72 61
72 64
72 66
72 70
72 72
72 73
72 76
72 77
72 79
72 80
72 83
72 84
72 88
72 91
72 94
72 98
72 99
73 3
73 5
73 6
73 9
73 14
73 17
73 18
73 23
73 28
73 30
73 33
73 35
73 39
73 41
73 46
73 48
73 49
73 54
73 55
73 56
73 57
73 58
73 63
73 66
73 70
73 73
73 76
73 80
73 83
73 84
73 89
73 91
73 95
73 96
74 3
74 4
74 9
74 13
74 16
74 20
74 25
74 28
74 29
74 33
74 34
74 35
74 40
74 41
74 42
74 44
74 47
74 49
74 51
74 55
74 56
74 60
74 62
74 65
74 66
74 68
74 72
74 76
74 78
74 82
74 86
74 87
74 92
74 95
74 99
75 1
75 2
75 5
75 6
75 7
75 10
75 13
75 16
75 21
75 22
75 24
75 28
75 32
75 37
75 41
75 45
75 47
75 49
75 53
75 56
75 58
75 63
75 64
75 67
75 70
75 71
75 75
75 80
75 81
75 83
75 85
75 88
75 92
75 94
75 98
75 99
76 5
76 6
76 9
76 10
76 14
76 18
76 19
76 21
76 23
76 25
76 30
76 33
76 34
76 38
76 40
76 43
76 46
76 50
76 53
76 54
76 59
76 64
76 68
76 71
76 74
76 78
76 82
76 85
76 86
76 91
76 96
77 4
77 9
77 11
77 13
77 15
77 18
77 19
77 24
77 29
77 32
77 34
77 39
77 43
77 47
77 49
77 51
77 54
77 58
77 59
77 62
77 64
77 69
77 71
77 73
77 77
77 81
77 83
77 88
77 91
77 92
77 93
77 96
77 98
78 4
78 5
78 7
78 12
78 14
78 18
78 20
78 21
78 23
78 25
78 29
78 34
78 39
78 41
78 43
78 47
78 50
78 51
78 56
78 60
78 64
78 67
78 69
78 74
78 76
78 78
78 83
78 84
78 85
78 88
78 90
78 91
78 95
78 98
79 1
79 4
79 7
79 11
79 16
79 17
79 20
79 24
79 29
79 33
79 35
79 39
79 44
79 47
79 52
79 57
79 62
79 63
79 68
79 71
79 74
79 75
79 78
79 81
79 85
79 90
79 95
79 99
80 5
80 7
80 9
80 13
80 18
80 21
80 23
80 26
80 27
80 28
80 31
80 35
80 36
80 38
80 39
80 44
80 48
80 50
80 51
80 56
80 57
80 62
80 67
80 72
80 76
80 81
80 82
80 85
80 88
80 93
80 94
80 99
81 5
81 10
81 11
81 14
81 18
81 21
81 26
81 30
81 33
81 34
81 39
81 42
81 47
81 52
81 53
81 58
81 62
81 63
81 67
81 71
81 72
81 76
81 79
81 80
81 81
81 84
81 86
81 88
81 92
81 94
81 96
82 5
82 8
82 12
82 14
82 16
82 18
82 23
82 27
82 31
82 35
82 36
82 39
82 41
82 46
82 50
82 54
82 55
82 59
82 60
82 64
82 67
82 71
82 73
82 78
82 83
82 88
82 93
82 97
82 98
83 2
83 6
83 8
83 12
83 14
83 15
83 20
83 21
83 22
83 27
83 28
83 31
83 32
83 34
83 37
83 39
83 43
83 44
83 46
83 51
83 55
83 60
83 61
83 66
83 71
83 73
83 75
83 80
83 82
83 85
83 88
83 92
83 93
83 94
83 98
84 5
84 6
84 7
84 11
84 14
84 15
84 17
84 19
84 22
84 25
84 30
84 31
84 35
84 36
84 40
84 41
84 44
84 49
84 54
84 58
84 59
84 60
84 63
84 66
84 69
84 70
84 75
84 78
84 79
84 83
84 87
84 92
84 96
84 97
85 1
85 2
85 5
85 6
85 11
85 15
85 16
85 17
85 19
85 20
85 21
85 25
85 27
85 29
85 34
85 37
85 39
85 41
85 43
85 47
85 51
85 55
85 58
85 59
85 61
85 62
85 67
85 69
85 73
85 74
85 79
85 83
85 87
85 89
85 90
85 93
85 96
85 97
86 3
86 6
86 10
86 15
86 16
86 19
86 23
86 25
86 26
86 28
86 30
86 31
86 36
86 41
86 42
86 45
86 50
86 52
86 57
86 60
86 63
86 67
86 71
86 72
86 75
86 79
86 84
86 89
86 91
86 94
86 99
87 3
87 5
87 8
87 11
87 13
87 14
87 19
87 23
87 26
87 27
87 32
87 34
87 37
87 40
87 43
87 45
87 47
87 50
87 54
87 59
87 60
87 61
87 65
87 66
87 68
87 71
87 75
87 76
87 80
87 82
87 85
87 89
87 92
87 94
87 95
88 2
88 7
88 8
88 12
88 16
88 18
88 22
88 23
88 25
88 30
88 34
88 38
88 43
88 47
88 48
88 53
88 57
88 58
88 59
88 61
88 63
88 67
88 72
88 75
88 76
88 79
88 84
88 88
88 93
88 94
88 96
89 5
89 7
89 8
89 11
89 13
89 14
89 18
89 19
89 24
89 26
89 31
89 36
89 38
89 39
89 42
89 47
89 51
89 52
89 53
89 55
89 58
89 61
89 65
89 67
89 71
89 73
89 77
89 79
89 84
89 88
89 91
89 95
90 2
90 4
90 5
90 7
90 11
90 13
90 17
90 21
90 24
90 26
90 30
90 32
90 33
90 35
90 40
90 43
90 48
90 50
90 52
90 55
90 60
90 63
90 67
90 72
90 76
90 77
90 80
90 81
90 82
90 87
90 88
90 92
90 93
90 94
90 95
90 96
91 4
91 5
91 7
91 12
91 14
91 19
91 20
91 21
91 23
91 24
91 28
91 32
91 37
91 41
91 42
91 43
91 46
91 47
91 48
91 51
91 52
91 55
91 57
91 60
91 62
91 64
91 69
91 73
91 77
91 80
91 84
91 87
91 90
91 92
91 94
91 99
92 2
92 5
92 6
92 7
92 10
92 11
92 12
92 17
92 18
92 23
92 28
92 31
92 33
92 35
92 40
92 43
92 48
92 51
92 52
92 56
92 57
92 62
92 64
92 65
92 69
92 73
92 76
92 81
92 86
92 91
92 96
93 1
93 5
93 6
93 9
93 10
93 15
93 20
93 22
93 26
93 30
93 34
93 35
93 38
93 41
93 46
93 49
93 53
93 58
93 63
93 68
93 69
93 72
93 75
93 77
93 82
93 86
93 89
93 93
93 96
93 97
94 1
94 4
94 8
94 9
94 14
94 17
94 20
94 23
94 24
94 27
94 30
94 31
94 36
94 40
94 45
94 50
94 54
94 58
94 62
94 63
94 64
94 65
94 67
94 69
94 73
94 78
94 81
94 85
94 87
94 89
94 92
94 95
94 96
94 98
95 1
95 5
95 10
95 14
95 15
95 17
95 21
95 24
95 27
95 32
95 34
95 37
95 42
95 43
95 46
95 47
95 50
95 55
95 59
95 63
95 64
95 67
95 69
95 71
95 72
95 73
95 74
95 76
95 80
95 81
95 84
95 86
95 90
95 92
95 97
95 99
96 1
96 4
96 8
96 10
96 15
96 18
96 22
96 26
96 31
96 35
96 40
96 41
96 43
96 48
96 51
96 56
96 60
96 64
96 69
96 73
96 75
96 76
96 77
96 81
96 83
96 85
96 88
96 89
96 92
96 95
97 2
97 7
97 8
97 11
97 13
97 18
97 19
97 23
97 26
97 27
97 31
97 32
97 34
97 37
97 42
97 44
97 47
97 48
97 49
97 53
97 56
97 59
97 64
97 68
97 72
97 76
97 77
97 78
97 79
97 81
97 86
97 90
97 91
97 92
97 93
97 98
98 3
98 4
98 7
98 10
98 11
98 13
98 18
98 20
98 23
98 26
98 30
98 35
98 38
98 40
98 43
98 47
98 52
98 53
98 55
98 58
98 62
98 64
98 68
98 73
98 78
98 83
98 85
98 87
98 88
98 91
98 96
98 99
99 5
99 10
99 15
99 16
99 19
99 24
99 27
99 29
99 33
99 34
99 37
99 40
99 44
99 48
99 49
99 52
99 53
99 54
99 58
99 63
99 68
99 69
99 70
99 72
99 74
99 75
99 76
99 77
99 82
99 83
99 88
99 89
99 91
99 92
99 93
99 98
100 1
100 2
100 3
100 8
100 11
100 12
100 15
100 20
100 23
100 24
100 29
100 33
100 38
100 40
100 41
100 43
100 48
100 52
100 56
100 58
100 60
100 63
100 65
100 66
100 71
100 72
100 75
100 80
100 85
100 88
100 93
100 95
100 98
