200
1 79
1 54
1 97
1 26
1 87
1 102
1 66
1 14
1 79
1 132
1 2
1 190
1 128
1 120
1 99
1 46
1 27
1 140
1 83
1 54
2 22
2 168
2 163
2 73
2 30
2 102
3 179
3 116
3 58
3 9
3 169
3 106
3 34
3 7
3 159
3 51
3 173
3 37
3 183
3 174
3 27
3 62
3 93
3 77
3 107
4 168
4 141
4 124
4 5
4 162
4 43
4 119
4 186
4 72
4 20
4 83
4 3
5 140
5 11
5 55
5 197
5 197
5 14
5 156
5 47
5 186
5 144
5 181
5 159
5 170
5 194
5 3
5 47
5 52
5 73
6 192
6 148
6 170
6 105
6 191
6 40
6 90
6 14
6 59
6 124
6 16
6 145
6 15
6 27
6 152
6 12
6 23
6 165
6 119
6 21
6 150
6 62
6 154
6 60
6 184
6 147
6 62
6 30
6 199
6 134
6 147
6 142
6 33
6 117
6 47
6 175
6 108
6 88
6 189
6 167
6 164
6 4
6 63
6 178
6 30
6 14
6 189
7 178
7 59
7 25
7 79
7 121
7 130
7 138
7 104
7 76
7 199
7 85
7 74
7 84
7 31
7 168
7 117
7 99
7 166
7 91
7 53
7 79
7 125
7 168
7 35
7 187
7 146
7 16
7 1
7 86
7 20
7 130
7 145
7 196
7 9
7 65
7 77
7 146
7 120
7 152
7 97
7 156
7 178
7 180
7 186
7 145
7 48
7 37
7 110
7 139
7 195
7 114
7 169
7 119
7 82
7 155
7 105
7 27
7 171
7 57
7 112
7 142
7 139
8 89
8 147
8 72
8 165
8 44
8 143
8 68
8 140
8 98
8 45
8 120
8 36
8 189
8 119
8 72
8 98
8 9
8 18
8 12
8 130
8 136
8 45
8 84
8 192
8 71
8 6
8 1
8 134
8 147
8 139
8 142
8 187
8 85
8 165
8 151
8 80
8 60
8 19
8 20
8 157
8 15
9 144
9 4
9 167
9 53
9 18
9 184
9 16
9 147
9 119
9 60
9 30
9 63
9 82
9 36
9 63
9 16
9 134
9 1
9 109
9 121
9 37
9 25
9 23
9 116
9 84
9 193
9 87
9 41
9 8
9 177
9 184
9 11
9 186
9 103
9 63
9 155
9 86
9 79
9 101
9 157
9 90
9 82
9 19
9 172
9 69
9 33
9 139
9 155
9 185
9 199
9 75
9 173
9 23
9 49
9 40
9 107
9 42
9 127
9 99
9 1
9 103
9 34
9 11
9 40
9 136
10 194
10 22
10 55
10 46
11 97
11 80
11 148
11 68
11 148
11 180
11 158
11 54
11 116
11 156
11 128
11 88
11 130
11 129
11 127
11 36
11 170
11 53
11 134
11 170
11 108
11 168
11 132
11 147
11 55
12 93
12 76
12 115
12 138
12 5
12 11
12 169
12 152
12 30
12 69
12 83
12 187
12 122
12 198
12 94
12 2
12 85
12 23
12 130
12 164
12 59
12 51
12 16
13 172
13 123
13 63
13 103
13 22
13 118
13 162
13 114
13 145
13 76
13 3
13 150
13 86
13 172
13 53
13 115
13 40
13 88
13 53
13 113
13 37
13 146
13 114
13 122
13 169
13 43
13 85
13 179
13 93
13 52
13 74
13 64
13 127
13 137
13 118
13 148
13 6
13 80
13 102
13 107
14 3
14 193
14 138
14 8
14 59
14 129
14 95
14 112
14 42
14 131
14 9
14 155
14 4
14 129
14 198
14 40
14 107
14 42
14 92
14 133
14 106
14 170
14 21
14 175
14 117
14 26
14 54
14 129
14 79
14 113
14 95
14 82
14 57
14 33
14 89
14 115
14 113
14 183
14 178
14 154
14 65
14 187
14 109
14 69
14 67
14 58
14 108
14 126
14 99
14 151
14 58
14 156
14 120
14 78
14 131
14 188
14 55
14 136
15 133
15 48
15 163
15 14
15 104
15 147
15 102
15 171
15 59
15 36
15 148
15 165
15 101
15 86
15 25
15 169
15 153
15 82
15 28
15 78
15 132
15 179
15 87
15 40
15 50
15 164
15 170
15 38
15 18
15 105
15 105
15 150
15 105
15 19
15 116
15 8
15 165
15 17
15 178
15 176
15 53
15 78
15 140
15 105
15 115
15 116
15 25
15 19
15 149
15 52
15 48
15 32
15 30
15 134
15 71
15 32
15 97
15 40
15 69
15 66
15 97
16 168
16 153
16 192
16 83
16 112
16 108
16 99
16 42
16 83
16 103
16 119
16 174
16 159
16 185
16 41
16 183
16 4
16 189
16 35
16 51
16 21
16 185
16 91
16 47
16 33
16 83
16 67
16 51
16 131
16 40
16 18
16 83
16 183
16 100
16 194
16 42
16 150
16 35
16 77
17 105
17 2
17 163
17 90
17 43
17 98
17 45
17 31
17 84
17 95
17 3
17 99
17 31
17 46
17 98
17 16
17 80
17 164
17 18
17 10
17 155
17 35
17 44
17 89
17 86
17 189
17 131
17 187
17 176
17 7
18 32
18 8
18 106
18 73
18 2
18 155
18 117
18 185
18 38
18 164
18 187
18 88
18 194
18 184
18 185
18 161
18 63
18 101
18 178
18 24
19 164
19 67
19 96
19 1
19 8
19 178
19 188
19 183
19 136
19 130
19 14
19 143
19 187
19 87
19 145
19 141
19 3
19 129
19 178
19 166
19 67
19 66
19 112
19 51
19 2
19 24
19 65
19 102
19 154
19 89
19 61
19 117
19 107
19 156
19 70
19 114
19 85
19 57
19 96
19 20
19 138
19 62
19 114
19 125
19 100
19 10
19 17
19 102
19 90
19 147
19 20
19 157
20 83
20 159
20 165
20 58
20 175
20 19
20 11
20 63
20 79
20 80
20 122
20 186
20 149
20 35
20 70
20 5
20 83
20 89
20 142
20 144
20 2
20 18
20 43
20 12
20 35
20 96
20 101
20 181
20 67
20 9
20 144
20 101
20 119
20 60
20 159
20 94
20 78
20 169
20 156
20 156
20 200
20 77
20 141
20 148
20 64
20 10
20 104
20 146
20 50
20 198
20 41
20 52
20 167
20 35
20 15
20 1
20 82
20 115
20 133
20 101
20 76
20 76
20 1
21 136
21 159
21 87
21 165
21 80
21 195
21 121
21 31
21 23
21 13
21 179
21 86
21 175
21 34
21 183
21 24
21 183
21 175
21 27
21 150
21 161
21 41
21 102
21 43
21 108
21 35
21 95
21 183
21 62
21 95
21 176
21 197
21 6
21 15
21 114
21 85
21 9
21 186
21 67
21 183
21 198
21 45
21 69
21 124
21 31
21 3
21 148
21 13
21 130
21 126
21 114
21 90
21 167
21 16
21 84
21 26
21 50
21 178
21 8
21 111
21 25
21 135
21 60
22 101
22 173
22 66
22 61
22 158
22 132
22 44
22 107
22 129
22 64
22 31
22 159
22 66
22 130
22 123
22 147
22 55
22 37
22 37
22 173
22 52
22 72
22 198
22 101
22 50
22 157
22 163
22 74
22 44
22 55
22 144
22 194
22 120
22 5
22 103
22 51
22 200
22 10
22 179
22 63
22 40
22 89
22 80
22 121
22 12
22 27
22 175
22 200
22 15
22 100
22 51
22 86
22 49
22 103
22 87
22 6
23 160
23 1
23 39
23 14
23 144
23 184
23 85
23 100
23 87
23 136
23 99
23 96
23 66
23 113
23 87
23 107
24 159
24 118
24 171
24 133
24 117
24 185
25 119
25 22
25 33
25 21
25 109
25 190
25 37
25 20
25 190
25 75
25 186
25 85
25 59
25 70
25 185
25 97
25 157
25 35
25 144
25 23
25 148
25 30
25 129
25 92
25 188
25 198
25 62
25 72
25 66
25 198
25 8
26 19
26 192
26 156
26 127
26 181
26 144
26 147
26 122
26 19
26 84
26 6
26 29
26 153
26 142
26 125
26 110
26 129
26 68
26 84
26 28
26 49
26 164
26 119
26 188
26 113
26 132
26 11
26 178
26 129
26 170
26 65
26 99
26 161
26 172
26 141
26 115
26 124
26 14
26 85
26 7
26 172
26 65
26 111
26 113
26 189
26 20
26 193
26 8
26 103
26 20
26 8
26 18
26 90
26 147
26 130
26 21
26 110
26 59
26 101
26 79
26 123
26 200
26 40
26 94
27 132
27 161
27 52
27 146
27 45
27 10
27 117
27 110
27 120
27 181
27 50
27 92
27 174
27 10
27 146
27 145
27 17
27 164
27 35
27 116
27 45
27 7
27 25
27 104
27 108
27 103
27 26
27 59
27 94
27 72
27 187
27 26
27 32
27 38
27 123
27 28
27 199
27 191
27 137
27 70
27 123
27 139
27 161
27 48
27 148
27 107
27 193
27 116
27 22
27 179
27 31
27 66
27 137
27 55
27 121
27 196
27 110
27 99
27 54
27 155
28 192
28 132
28 153
28 181
28 54
28 180
28 179
28 196
28 69
28 49
28 119
28 159
28 161
28 118
28 106
28 19
28 110
28 21
28 40
28 40
28 4
28 58
28 177
28 58
28 178
28 124
28 119
29 130
29 74
29 197
29 121
29 5
29 101
29 102
29 11
29 33
29 80
29 6
29 101
29 80
29 76
29 59
29 41
29 194
29 116
29 59
29 55
29 136
29 51
29 47
29 139
29 108
29 175
29 149
29 37
29 98
29 19
29 65
29 27
29 92
29 13
29 148
29 49
29 114
30 11
30 146
30 80
30 16
30 198
30 112
30 44
30 8
30 152
30 189
30 123
30 162
30 195
30 10
30 12
30 41
30 101
30 71
30 15
30 1
30 60
30 113
30 19
30 124
30 91
30 63
30 88
30 38
30 63
30 153
30 38
30 73
30 98
30 70
30 40
30 47
30 181
30 83
30 54
30 84
30 23
30 128
30 45
30 18
30 138
30 9
30 58
30 38
30 79
30 25
30 190
30 90
30 89
30 8
30 165
30 179
30 22
30 53
30 169
30 84
30 5
30 158
30 108
30 55
30 27
30 148
31 159
31 182
31 107
31 42
31 5
31 186
31 39
31 22
32 47
32 31
32 112
32 77
32 55
32 101
32 167
32 143
32 61
32 131
32 74
32 34
32 183
32 42
32 118
32 140
32 199
32 177
32 194
32 178
32 124
32 198
32 136
32 58
32 56
32 130
32 62
32 42
32 168
32 35
32 164
32 14
33 28
33 90
33 24
33 128
33 56
33 118
33 140
33 139
33 191
33 174
33 121
33 184
33 43
33 60
33 135
33 19
33 5
33 112
33 95
33 155
33 199
33 152
33 10
33 80
33 13
33 51
33 47
33 199
33 167
33 12
33 15
33 194
33 54
33 38
33 73
33 61
33 156
33 13
33 199
33 98
33 138
33 72
33 82
33 180
34 168
34 150
34 88
34 31
34 44
34 42
34 29
34 195
34 3
34 61
34 159
34 54
34 107
34 157
34 20
34 71
34 124
34 13
34 124
34 113
35 136
35 20
35 1
35 135
35 118
35 138
35 6
35 151
35 69
35 88
35 118
35 19
35 127
35 148
36 120
36 128
36 9
36 123
36 188
36 167
36 176
36 47
36 124
36 147
36 69
36 199
36 111
36 192
36 111
36 147
36 79
36 131
36 148
36 13
36 48
36 37
36 170
36 150
36 106
36 58
36 67
36 76
36 136
36 166
36 89
36 56
36 45
36 97
36 178
36 185
36 16
37 31
37 139
37 51
37 51
37 137
37 161
37 42
37 47
37 107
37 120
37 129
37 6
37 85
37 176
37 43
37 54
37 125
37 100
37 63
37 143
37 127
37 199
37 60
37 15
37 6
37 105
37 64
37 183
37 41
37 79
37 87
37 23
37 169
37 137
37 73
37 57
37 97
37 66
37 103
37 155
37 137
37 184
38 21
38 159
38 155
38 27
38 36
38 54
38 41
38 130
38 180
38 191
38 142
38 146
38 196
38 46
38 9
38 178
38 87
38 16
38 60
38 7
38 104
38 132
38 63
38 200
38 197
38 118
38 107
38 133
38 101
39 106
39 59
39 21
39 132
39 46
39 26
39 124
39 128
39 157
39 115
39 69
39 102
39 62
39 66
39 63
39 192
39 103
39 101
39 7
39 162
39 108
39 111
39 93
39 170
39 62
39 41
39 87
39 168
39 173
39 187
39 186
39 78
39 198
39 158
39 161
39 195
39 135
39 37
39 122
39 91
39 151
39 142
39 145
39 12
39 7
39 7
39 3
39 109
39 59
39 162
39 22
39 166
39 72
39 66
40 85
40 106
40 174
40 5
40 31
40 113
40 190
40 60
40 62
40 148
40 173
41 82
41 9
41 130
41 125
41 159
41 23
41 69
41 122
41 30
41 27
41 125
41 90
41 85
41 38
41 112
41 51
41 109
41 177
41 138
41 145
41 35
41 63
41 149
41 65
41 127
41 139
41 124
41 188
41 38
41 96
41 196
41 71
41 104
41 77
41 195
41 14
41 99
41 15
41 136
41 80
41 193
41 12
41 170
41 78
41 1
41 81
41 80
41 109
41 9
41 169
41 5
41 43
41 31
41 154
41 107
42 44
42 183
42 97
42 81
42 30
42 44
42 103
42 134
42 72
42 98
42 99
43 64
43 186
43 2
43 57
43 149
43 123
43 86
43 149
43 3
43 165
43 9
43 164
43 133
43 14
43 6
43 115
43 119
43 113
43 176
43 162
43 47
43 73
43 42
43 76
43 68
43 96
43 161
43 92
43 145
43 60
43 14
43 9
43 45
43 167
43 17
43 146
43 90
43 102
44 18
44 55
44 7
44 150
44 68
44 165
44 16
44 186
44 29
44 192
44 99
44 75
44 16
44 92
44 150
44 35
44 187
44 111
44 126
44 132
44 170
44 91
44 92
44 166
44 10
44 108
44 63
44 51
44 9
44 157
44 94
44 26
44 163
44 53
44 127
44 30
44 169
44 94
44 167
44 197
44 37
44 17
44 71
44 4
44 108
44 20
45 94
45 130
45 116
45 177
45 51
45 7
45 68
45 169
45 16
45 175
45 31
45 66
45 135
45 139
45 111
45 112
45 101
45 115
45 190
45 82
45 83
45 84
45 200
45 79
45 72
45 16
45 149
45 76
45 123
45 169
45 114
45 169
46 29
46 145
46 101
46 187
46 13
46 69
46 2
46 187
46 51
46 19
46 74
46 190
46 82
46 185
46 90
46 196
46 127
46 172
46 31
46 162
46 171
46 109
46 33
47 10
47 108
47 61
47 130
47 173
47 29
47 179
47 154
47 174
47 31
47 140
47 186
48 94
48 124
48 102
48 64
48 149
48 91
48 145
48 134
48 180
48 93
48 60
48 103
48 123
48 173
48 74
48 183
48 5
48 12
48 192
48 65
48 72
48 121
48 37
48 101
48 52
48 190
48 26
48 82
48 130
48 163
49 175
49 86
49 186
49 38
49 35
49 76
49 183
49 120
49 7
49 27
49 131
49 110
49 149
49 103
49 135
49 131
49 59
49 98
49 75
49 123
49 169
49 147
49 160
49 21
49 198
49 101
49 46
49 32
49 182
49 160
49 116
49 156
49 198
49 53
49 194
49 184
49 128
49 128
49 103
49 86
49 154
49 185
49 147
49 54
49 39
49 81
49 184
49 97
49 130
49 10
49 172
49 99
49 157
49 131
49 71
49 106
49 183
49 69
49 137
49 165
49 28
49 4
50 25
50 56
50 65
50 8
50 135
50 192
50 62
50 173
50 97
51 119
51 150
51 36
51 152
51 86
51 85
51 81
51 95
51 56
51 131
51 138
51 2
51 157
51 120
51 70
51 45
52 49
52 1
52 156
52 74
52 56
52 172
52 33
52 143
52 116
52 95
52 115
52 12
52 44
52 185
52 114
52 80
52 88
52 199
52 116
52 169
52 93
52 171
52 51
52 96
52 60
52 4
52 131
52 73
52 48
52 167
52 74
52 48
52 74
52 99
52 56
52 45
52 131
52 150
52 112
52 177
52 16
52 124
52 21
52 200
52 37
52 88
52 187
52 167
52 8
52 79
52 89
53 126
53 148
53 14
53 129
53 30
53 86
53 129
53 196
53 111
53 128
53 69
53 9
53 183
54 140
54 84
54 177
54 68
54 99
54 52
54 88
54 51
54 40
54 139
54 138
54 26
54 57
54 97
54 57
54 145
54 106
54 182
54 44
54 119
54 111
54 74
54 157
54 39
54 69
54 67
54 166
54 90
54 76
54 101
54 107
54 167
54 184
54 35
54 34
54 83
54 87
54 74
54 85
54 78
54 12
54 174
54 104
54 21
54 70
54 160
54 165
55 93
55 9
55 198
55 3
55 34
55 106
55 193
55 54
55 124
55 111
55 95
55 151
55 163
55 1
55 69
55 98
55 188
55 103
55 132
55 26
55 176
55 16
55 103
55 139
55 189
55 6
55 159
55 10
56 76
56 137
56 10
56 84
56 86
56 164
56 69
56 143
56 109
56 122
56 66
56 171
56 17
56 169
57 17
57 37
57 30
57 156
57 91
57 114
57 181
57 66
57 129
57 84
58 118
58 41
58 67
58 127
58 158
58 142
58 15
58 119
58 177
58 52
58 34
58 45
58 194
58 142
58 167
58 12
58 112
58 183
58 180
58 196
58 151
58 168
58 178
58 107
58 59
58 91
58 39
58 124
58 171
58 122
58 32
58 88
58 115
58 99
58 167
58 24
58 192
58 133
58 94
58 169
58 185
58 127
58 13
58 130
58 69
58 131
58 141
58 132
58 113
58 72
59 16
59 40
59 9
59 74
59 98
59 51
59 112
59 173
59 21
59 186
59 157
59 61
59 52
59 7
59 179
59 75
59 198
59 111
59 168
59 166
59 47
59 94
59 131
59 177
59 114
59 61
59 69
59 198
59 126
59 93
59 29
59 141
59 84
59 37
59 166
59 133
59 87
59 77
59 105
59 14
60 119
60 65
60 19
60 97
60 139
60 17
60 160
60 58
60 182
60 6
60 152
60 112
60 134
60 17
60 125
60 155
61 50
61 199
61 194
61 142
61 82
61 30
61 107
61 14
61 68
61 183
61 70
61 127
61 149
61 83
61 45
61 165
61 101
61 94
61 104
61 69
61 53
61 113
61 3
61 10
61 16
61 66
61 96
61 33
61 190
61 2
61 198
61 39
61 200
61 192
61 180
61 81
61 173
61 86
61 46
61 41
61 21
61 115
61 167
61 121
61 149
61 163
61 85
62 56
62 140
62 70
62 60
62 53
62 72
62 70
62 68
62 138
62 165
62 52
62 79
62 166
62 2
62 118
62 117
62 145
62 49
62 197
62 117
62 87
62 194
62 157
62 59
62 108
62 75
62 131
62 9
62 38
63 10
63 93
63 155
63 31
63 153
63 159
63 103
63 174
63 178
63 192
63 90
63 182
63 70
63 7
63 183
63 139
63 123
63 79
63 140
63 71
63 195
63 178
63 64
63 104
64 123
64 130
64 166
64 83
64 167
64 132
64 92
64 12
64 38
64 123
64 116
64 148
64 177
64 41
64 126
64 120
64 130
64 59
64 141
64 88
64 193
64 32
64 162
64 71
64 171
64 184
64 17
64 100
64 199
64 120
64 135
64 121
64 2
64 52
64 156
64 168
64 135
65 131
65 173
65 121
65 46
65 120
65 49
65 86
65 197
65 120
65 167
65 55
65 61
65 54
65 47
65 92
65 15
65 117
65 14
65 198
65 86
65 113
65 148
65 157
65 199
65 69
65 158
65 2
65 176
65 126
65 136
65 22
65 56
65 60
65 95
65 54
65 180
65 143
65 139
65 128
65 63
65 58
65 183
65 75
65 111
65 181
65 118
65 78
65 50
65 131
65 27
65 135
65 195
65 175
65 91
65 145
65 195
65 49
65 98
66 126
66 33
66 143
66 181
66 45
66 189
66 186
66 176
66 84
66 77
66 103
66 98
66 134
66 37
66 172
66 196
66 18
66 89
66 25
66 67
66 171
66 4
66 1
66 117
66 130
66 43
66 61
66 124
66 91
66 158
66 45
66 16
66 142
66 139
66 149
66 186
66 128
66 134
66 161
66 11
66 162
66 16
66 108
66 95
66 52
66 31
66 91
66 69
66 119
66 67
66 135
66 41
66 70
66 87
66 157
67 130
67 169
67 74
67 172
67 78
67 70
67 188
67 19
67 9
67 88
67 157
67 136
67 173
67 69
67 98
67 135
68 5
68 29
68 136
68 35
68 71
68 4
68 105
68 90
68 91
68 145
68 159
68 129
68 53
68 110
68 10
68 173
68 183
68 182
68 50
68 53
68 121
68 20
68 61
68 8
68 128
68 148
68 132
68 197
68 45
68 66
68 80
68 1
68 47
68 167
68 187
68 69
68 171
68 43
68 158
68 13
68 139
69 141
69 191
69 178
69 151
70 160
70 84
70 164
70 12
70 4
70 183
70 24
70 163
70 111
70 123
70 94
70 59
70 119
70 112
70 138
70 71
70 110
70 105
70 57
70 178
70 27
70 99
70 88
70 191
70 37
70 156
70 131
70 179
70 133
70 33
70 93
70 44
70 68
70 8
70 8
70 71
70 191
70 31
70 185
70 53
70 106
70 31
70 63
70 24
70 94
70 200
70 95
70 3
70 56
70 103
70 132
70 34
70 154
70 19
70 24
70 142
70 174
70 107
70 121
70 58
70 139
70 165
71 7
71 173
71 109
71 29
71 115
71 91
71 166
71 119
71 148
71 196
71 181
71 124
71 41
71 132
71 18
71 43
71 188
71 72
71 174
71 173
71 177
71 145
71 197
71 119
71 118
71 103
71 191
71 128
71 193
71 155
71 181
71 151
71 79
71 41
71 132
71 193
71 131
71 97
71 63
71 31
71 44
71 43
71 154
71 84
71 175
72 78
72 114
72 194
72 51
72 38
72 171
72 195
72 34
72 89
72 65
73 31
73 144
73 33
73 137
73 124
73 183
73 16
73 164
73 66
73 160
73 46
73 162
73 175
73 76
73 157
73 17
73 29
73 40
73 143
73 151
73 117
73 8
73 97
73 120
73 46
73 67
73 66
73 31
73 107
73 82
73 71
73 89
73 25
73 103
73 25
73 148
73 37
73 192
73 63
73 103
73 152
73 109
73 64
73 126
73 136
73 21
73 94
73 165
73 12
73 189
73 67
73 81
73 196
74 200
74 193
74 181
74 65
74 24
74 39
74 99
74 94
74 127
74 123
75 152
75 23
75 184
75 95
75 37
75 86
75 198
75 97
75 102
75 33
75 74
75 169
76 37
76 157
77 117
77 104
77 130
77 116
77 97
77 62
77 133
77 72
77 101
77 31
77 117
77 179
78 64
78 82
78 127
78 47
78 177
78 164
78 85
78 174
78 60
78 138
78 49
78 44
79 169
79 192
79 47
79 77
79 159
79 164
79 180
79 40
79 31
79 28
79 101
79 115
79 99
79 153
79 97
79 167
79 132
79 2
79 30
79 165
79 80
79 29
79 141
79 195
79 113
79 67
79 7
79 50
79 115
79 2
79 12
79 83
79 194
79 58
79 111
79 104
79 173
79 90
79 95
79 156
79 70
79 195
79 22
79 120
79 100
79 71
79 87
79 183
80 116
80 147
80 103
80 144
80 88
80 50
80 8
80 154
80 8
80 9
80 20
80 9
80 20
80 54
80 154
80 30
80 164
80 57
80 154
80 5
80 151
80 61
80 74
80 98
80 83
80 194
80 149
80 153
80 32
80 131
80 176
80 147
80 77
80 30
80 43
80 116
80 31
80 2
80 21
80 38
80 11
80 40
80 47
80 182
80 93
81 11
81 56
81 161
81 117
81 13
81 63
81 177
81 86
81 160
81 11
81 31
81 60
81 163
81 62
81 190
81 90
81 161
81 19
81 120
81 3
81 134
82 4
82 155
82 140
82 166
82 146
83 148
83 39
83 89
83 158
83 46
83 1
83 26
83 58
83 64
83 3
83 96
83 175
83 13
83 78
83 35
83 128
83 140
83 176
83 17
83 52
83 194
83 88
83 6
83 80
83 142
83 9
83 34
83 81
83 127
83 179
83 170
83 74
83 169
83 10
83 183
83 15
83 11
83 9
83 24
83 74
83 163
83 71
83 48
84 149
84 82
84 54
84 88
85 71
85 91
85 3
85 110
85 96
85 82
85 51
85 104
85 67
85 83
85 182
85 198
85 52
85 55
85 166
85 14
85 190
85 132
85 24
85 198
85 108
85 97
85 160
85 178
85 96
85 86
85 126
85 130
85 140
85 165
85 139
85 162
85 55
85 93
85 23
85 150
85 175
85 26
85 6
85 193
85 108
85 187
85 190
85 112
85 194
85 108
85 125
85 183
85 191
85 100
85 180
85 98
85 148
85 91
85 76
85 43
85 176
85 153
85 124
85 67
85 118
86 28
86 172
86 155
86 51
86 74
86 81
86 76
86 79
86 25
86 135
86 17
86 15
86 46
86 10
86 74
86 122
86 192
86 64
86 21
86 123
86 114
86 120
86 13
86 141
86 163
86 141
86 93
86 7
86 162
86 100
86 35
87 37
87 159
87 86
87 64
87 189
88 198
88 5
88 76
88 196
88 15
88 149
88 69
88 6
88 165
88 90
88 81
88 30
88 9
88 93
88 170
88 123
88 33
88 14
88 161
88 192
88 128
88 60
88 178
88 13
88 65
88 14
88 123
88 150
88 77
88 111
88 11
88 26
88 67
88 87
88 21
88 81
88 187
88 90
88 39
88 103
88 131
88 119
88 132
88 91
88 163
88 53
88 166
88 148
88 19
88 126
88 139
88 146
88 185
88 116
88 110
88 49
88 129
88 32
88 150
88 157
88 94
88 112
88 134
88 160
88 198
88 155
88 193
89 196
89 31
89 39
89 126
89 101
89 123
89 168
89 63
89 175
89 133
89 10
89 145
89 58
89 148
89 90
89 194
89 15
89 199
89 194
89 95
89 30
89 95
89 3
89 75
89 7
89 137
89 35
89 156
89 91
89 27
89 92
89 38
89 9
89 83
89 115
89 109
89 5
89 82
89 123
89 131
90 133
90 76
90 24
90 32
90 117
90 170
90 199
90 116
90 163
90 93
90 97
90 58
90 96
90 172
90 16
90 32
90 158
90 171
90 74
90 184
90 15
90 63
90 144
90 97
90 177
90 52
90 53
90 58
90 126
90 183
90 176
90 58
90 10
90 152
90 42
90 127
90 121
90 192
90 42
90 35
90 84
90 44
90 131
90 61
90 59
91 18
91 30
91 187
91 153
91 44
91 49
91 96
91 92
91 177
91 99
91 144
91 187
91 25
91 78
91 162
91 34
91 88
91 113
91 27
92 33
92 18
92 7
92 20
92 54
92 96
92 63
92 184
92 109
92 122
92 98
92 78
92 103
92 36
92 183
92 98
92 37
92 30
92 141
92 13
92 129
92 84
92 199
92 105
92 161
92 161
92 90
92 200
92 25
92 117
92 13
92 10
92 86
92 171
92 29
92 139
92 19
92 91
92 123
92 79
92 164
92 20
92 156
93 7
93 138
93 115
93 43
93 168
93 55
93 56
93 48
93 90
93 54
93 104
93 51
93 166
93 193
93 2
93 191
93 61
93 167
93 200
93 147
93 137
93 28
93 85
93 107
93 70
93 159
93 185
93 34
93 178
94 3
94 185
94 30
94 118
94 27
94 149
94 124
94 34
94 196
94 166
94 88
94 51
94 168
94 53
94 44
94 169
94 43
94 104
94 135
94 194
94 50
94 24
94 21
94 87
94 130
94 43
95 115
95 28
95 23
95 55
95 30
95 159
95 36
95 99
95 137
95 185
95 23
95 171
95 132
95 140
95 10
95 183
95 107
95 62
95 26
95 75
95 57
95 81
95 10
95 50
95 131
95 33
95 23
95 17
95 114
95 65
95 61
95 28
95 92
95 35
95 34
95 121
95 145
95 70
95 20
95 34
95 6
95 194
95 156
95 137
95 133
95 165
95 71
95 39
96 48
96 65
96 34
96 129
96 26
96 36
96 11
96 10
96 10
96 27
96 124
96 74
96 39
96 151
96 117
96 26
96 185
96 37
96 122
96 6
96 8
96 155
96 11
96 153
96 110
96 99
96 85
96 26
96 170
96 75
96 4
96 169
96 140
96 189
96 97
96 165
96 176
96 107
96 175
96 185
96 85
96 50
96 10
96 76
96 200
96 126
96 53
96 136
96 115
97 141
97 122
97 81
97 103
97 75
97 190
97 154
97 111
97 168
97 75
97 138
97 123
97 43
97 29
97 111
97 140
97 193
97 39
97 198
98 23
98 83
98 120
98 33
98 110
98 120
98 158
98 162
98 7
98 24
98 135
98 148
98 15
98 2
98 124
98 157
98 155
98 34
98 76
98 29
98 123
98 198
98 72
98 151
98 60
98 163
98 144
98 160
98 14
98 121
98 194
98 134
98 105
98 55
98 5
98 14
98 16
98 11
98 38
98 103
98 110
98 135
98 69
98 112
98 58
98 177
98 18
98 43
99 199
99 166
99 49
99 22
99 116
99 109
99 184
99 11
99 158
99 95
99 177
99 30
99 41
99 62
99 134
99 95
99 66
99 148
99 63
99 28
99 137
99 165
99 138
100 185
100 1
100 80
100 162
100 170
100 74
100 13
100 168
100 39
100 14
100 189
100 107
100 74
100 172
100 117
100 31
100 19
100 93
100 61
100 59
100 106
100 194
100 105
100 171
100 93
100 167
100 151
100 181
100 83
100 88
100 3
100 68
100 40
100 34
100 29
100 9
100 108
100 193
100 129
100 98
100 6
100 117
100 4
100 79
100 41
100 73
100 110
100 59
100 165
100 122
100 69
100 71
101 173
101 193
101 160
101 92
101 143
101 92
101 174
101 182
101 95
101 41
101 21
101 80
101 21
101 182
101 139
101 14
101 110
101 37
101 19
101 178
101 40
101 98
101 18
101 112
101 159
101 28
101 29
101 80
101 48
101 51
101 146
101 21
101 195
101 57
101 64
101 90
101 149
101 37
101 71
101 195
101 30
101 44
101 74
101 50
101 177
101 13
101 63
101 86
101 1
101 34
102 192
102 131
102 33
102 56
102 41
102 60
102 84
102 72
102 108
102 86
102 169
102 80
102 32
102 26
102 143
102 121
102 126
102 131
102 144
102 120
102 160
102 139
102 145
102 10
102 115
102 109
102 24
102 200
102 109
102 57
102 14
102 101
102 139
102 198
103 131
103 58
103 191
103 2
103 117
104 171
104 148
104 59
104 148
104 42
104 132
104 73
104 172
104 75
104 144
104 84
104 13
104 88
104 45
104 79
104 149
104 68
104 78
104 57
104 77
104 43
104 157
104 167
105 112
105 98
105 50
105 54
105 99
105 118
105 81
105 21
105 17
105 140
105 120
105 58
105 71
105 144
105 181
105 97
105 87
105 64
105 61
105 127
105 60
105 139
105 75
105 80
105 168
105 131
105 156
105 162
105 40
105 122
105 2
105 103
105 171
105 3
105 157
105 22
105 120
105 37
105 194
105 88
105 128
105 114
105 145
105 150
105 57
105 126
105 46
105 96
105 141
105 58
105 174
105 1
105 196
105 48
106 115
106 130
106 139
106 77
106 121
106 12
106 78
106 24
106 183
106 33
106 180
106 4
106 104
106 168
106 197
106 192
106 96
106 62
106 136
106 197
106 119
107 195
107 166
107 106
107 52
107 139
107 58
107 200
107 138
107 89
107 114
107 67
107 179
107 190
107 188
107 190
107 20
108 172
108 52
108 142
108 127
108 107
108 109
108 76
108 98
108 156
108 137
108 186
108 153
108 7
108 150
108 147
108 172
108 7
108 150
109 16
109 149
109 199
109 104
109 63
109 66
109 82
109 4
109 5
109 24
109 23
109 167
109 195
109 26
109 60
109 122
109 85
109 120
109 197
109 134
109 76
109 85
109 119
109 180
109 92
109 21
109 78
109 15
109 27
109 27
109 77
109 43
109 128
109 75
109 98
109 142
109 92
110 145
110 48
110 155
110 120
110 14
110 101
110 97
110 25
110 174
110 181
110 145
110 170
110 115
110 172
110 7
111 151
111 50
111 5
111 180
111 64
111 184
111 158
111 92
111 178
111 37
111 119
111 27
111 178
111 162
111 110
111 75
111 10
111 16
111 194
111 175
111 117
111 42
111 200
111 90
111 175
111 144
111 12
111 89
111 115
111 18
111 25
111 17
111 19
111 182
111 148
111 82
111 117
111 105
111 126
111 94
111 142
111 44
111 72
111 71
111 5
111 182
111 145
111 166
111 197
111 90
112 65
112 132
112 140
112 107
112 106
112 35
112 118
112 146
112 101
112 87
112 170
112 117
112 105
112 103
112 16
112 138
112 19
112 72
112 63
112 165
112 58
112 136
112 36
112 63
112 117
112 132
112 180
112 65
112 22
112 120
112 130
112 153
112 11
112 188
112 10
112 45
112 105
112 155
112 145
112 143
112 76
112 13
112 199
112 179
112 28
112 136
112 197
112 100
112 151
112 61
112 16
112 8
112 196
112 51
112 22
112 64
112 183
112 2
112 80
112 4
112 73
112 9
112 108
113 196
113 117
113 128
113 52
113 23
113 73
113 146
113 98
113 37
113 144
113 28
113 65
113 32
113 25
113 116
113 182
113 37
113 131
113 141
114 134
114 115
114 47
114 68
114 68
114 126
114 23
114 92
114 87
114 130
114 175
114 34
114 198
114 55
114 86
114 172
114 79
114 183
114 69
114 115
114 127
114 49
114 131
114 158
114 73
114 46
114 91
115 129
115 183
115 92
115 62
115 49
115 138
115 129
115 68
115 63
115 151
115 160
115 101
115 32
115 86
115 135
115 181
115 140
115 172
115 152
115 18
115 154
115 172
115 85
115 80
115 20
115 15
115 189
115 44
115 61
115 31
115 152
115 141
115 166
115 195
115 154
115 166
115 132
115 34
115 186
115 147
115 136
115 145
115 47
115 167
115 182
115 181
115 99
115 122
116 50
116 91
116 58
116 173
116 175
116 89
116 193
116 190
116 78
116 36
116 2
116 60
116 140
116 94
116 177
116 134
116 47
116 143
116 18
116 80
116 128
116 15
116 24
116 114
116 133
116 157
116 47
116 31
116 78
116 150
116 32
116 121
116 7
116 4
116 95
116 96
116 196
116 36
117 184
117 37
117 136
117 75
117 82
117 113
117 160
117 128
117 7
117 129
117 7
117 134
117 44
117 173
117 109
117 158
117 105
117 65
117 156
117 135
117 95
117 105
117 166
117 15
117 64
117 170
117 61
117 159
117 97
117 35
117 52
117 85
117 170
117 78
117 167
117 82
117 38
117 94
117 40
117 166
117 53
117 173
117 162
117 25
117 33
117 71
117 130
117 98
117 26
118 144
118 130
118 182
118 158
118 193
118 103
118 170
118 103
118 171
118 66
118 89
118 175
118 103
118 59
118 52
118 21
118 92
118 89
118 66
118 132
118 7
118 56
119 95
119 89
119 38
119 176
119 138
119 15
119 191
119 81
119 144
119 124
119 190
119 89
119 178
119 159
119 143
120 177
120 32
120 123
120 31
120 90
120 174
120 51
120 133
120 15
120 116
120 64
120 173
120 186
120 72
121 32
121 112
121 129
121 7
121 49
121 143
121 197
121 81
121 38
121 73
121 22
121 78
121 50
121 180
121 21
121 198
121 108
121 4
121 72
121 138
121 93
121 198
121 140
121 177
121 12
121 56
121 193
121 184
121 193
121 64
121 75
121 24
121 175
121 155
121 30
121 175
121 49
121 178
121 7
121 86
121 50
121 28
121 116
121 100
121 7
121 136
121 49
121 67
121 139
121 156
121 183
121 118
121 96
121 111
121 81
121 151
121 103
121 16
121 143
121 118
122 118
122 44
122 196
122 147
122 18
122 44
122 124
122 24
122 81
122 126
122 51
122 196
122 25
122 10
122 83
122 25
122 28
122 173
122 145
122 183
122 107
122 14
122 78
122 18
122 94
122 28
122 72
122 61
122 190
122 102
122 191
122 33
122 97
122 137
122 3
122 92
122 13
122 178
122 125
122 90
122 29
122 72
122 114
122 190
122 107
122 90
122 17
122 79
122 35
122 199
123 48
123 29
123 155
123 94
123 8
123 178
123 154
123 130
123 167
123 56
123 120
123 152
123 104
123 9
123 154
123 148
123 173
123 131
123 72
123 62
123 111
123 95
123 127
123 52
123 1
124 68
124 32
124 50
124 19
124 169
124 50
124 47
124 75
124 95
124 54
124 4
124 48
124 135
124 171
124 55
124 7
124 74
124 111
124 167
124 27
124 58
125 109
125 81
125 200
125 172
125 175
125 126
125 23
125 128
125 93
125 43
125 111
125 95
125 61
125 79
125 96
125 59
125 105
125 190
125 64
125 108
125 189
125 199
125 30
125 44
125 157
125 103
125 154
125 123
125 81
125 163
125 61
125 142
125 43
125 12
125 113
125 169
125 89
125 87
125 48
125 181
125 129
125 158
125 27
125 141
125 188
125 122
125 199
125 44
126 63
126 104
126 100
126 13
126 85
126 95
126 169
126 188
126 200
126 43
126 20
126 162
126 55
126 113
126 156
126 18
126 177
126 76
126 106
126 64
126 124
126 38
126 192
126 33
126 65
126 133
126 21
126 138
126 83
126 64
126 1
126 97
126 119
126 100
126 109
126 4
126 146
126 29
126 143
126 145
126 71
126 114
126 106
126 77
126 27
126 61
126 94
126 3
126 88
126 151
127 11
127 141
127 162
127 44
127 157
127 46
127 16
127 94
127 128
127 31
127 94
127 25
127 150
127 145
127 133
127 153
127 90
127 114
127 95
127 34
127 136
127 8
127 91
127 13
127 186
127 103
127 58
127 189
127 191
127 9
127 158
128 149
128 119
128 196
128 105
128 164
128 11
128 150
128 44
128 42
128 44
128 68
128 191
128 188
128 152
128 95
128 78
129 189
129 63
129 153
129 148
129 154
129 165
129 134
129 56
129 174
129 74
129 46
129 182
130 199
130 82
130 102
130 194
130 186
130 65
130 157
130 136
130 60
130 198
130 131
130 127
130 140
130 118
131 34
131 147
131 95
131 174
131 10
131 199
131 121
131 115
131 163
131 54
131 170
131 89
131 79
131 168
131 70
131 62
131 166
131 152
131 163
131 159
131 89
131 179
131 67
131 176
131 39
131 64
131 106
131 117
131 155
131 176
131 147
131 188
131 74
131 42
131 161
131 83
131 40
131 34
131 149
131 155
131 39
131 119
131 43
131 118
131 86
131 64
131 179
131 51
131 167
131 93
131 161
131 8
131 23
131 28
131 183
131 61
131 43
131 41
132 198
132 168
132 124
132 137
132 41
132 117
132 50
132 76
132 109
132 83
132 24
132 15
132 121
132 94
132 9
132 190
132 179
132 72
132 168
132 181
132 191
132 12
132 94
132 198
132 35
132 73
132 47
132 115
132 124
132 176
132 64
132 91
132 100
132 1
132 84
132 168
132 2
132 159
132 76
132 84
132 134
132 42
132 4
132 28
133 194
133 158
133 122
133 113
133 139
133 64
133 77
133 32
133 61
133 111
133 56
133 144
133 157
133 122
133 68
133 186
133 110
133 184
133 138
133 193
133 103
133 139
133 103
133 131
133 22
133 37
133 172
133 177
133 16
133 22
133 122
133 173
133 95
133 35
133 63
133 158
133 111
133 46
133 170
133 173
133 101
133 113
134 23
134 132
134 13
134 160
134 42
134 148
134 49
134 186
134 51
134 187
134 41
134 181
134 160
134 29
135 88
135 44
135 125
135 10
135 168
135 19
135 196
135 31
135 128
135 58
135 76
135 97
135 30
135 129
135 162
135 110
135 151
135 93
135 75
135 62
135 86
135 174
135 110
136 176
136 48
136 64
136 156
136 7
136 92
136 60
136 46
136 87
136 55
136 54
136 107
136 2
136 84
136 34
136 59
136 112
136 83
136 88
136 40
136 44
136 150
136 142
136 88
136 176
136 3
136 126
136 149
136 112
136 101
136 125
136 159
137 32
137 117
137 7
137 43
137 162
137 93
137 179
137 169
137 146
137 85
137 170
137 182
137 70
137 29
137 93
137 152
137 68
137 84
137 147
137 169
137 25
137 187
137 144
137 179
137 64
137 45
137 90
137 164
137 121
137 200
137 127
137 152
137 116
137 133
137 147
137 29
137 177
137 77
137 197
137 122
137 113
137 167
137 55
137 182
137 147
137 147
137 86
137 166
137 182
137 184
137 135
137 158
137 170
137 30
137 136
137 33
137 26
138 196
138 146
138 176
138 74
138 50
138 91
138 158
138 148
139 134
139 24
139 68
139 8
139 136
139 186
139 62
139 69
139 132
139 161
139 106
139 50
139 142
140 136
140 100
140 59
140 117
140 35
140 44
140 143
140 12
140 191
140 88
140 187
140 17
140 89
141 174
141 36
141 101
141 108
141 59
141 168
141 115
141 146
141 154
141 128
141 167
141 37
141 88
141 72
141 86
141 30
141 161
141 173
141 81
141 172
141 90
141 115
141 15
141 32
141 78
141 157
141 71
141 17
141 173
141 160
141 46
141 147
141 147
141 98
141 6
141 6
141 65
141 72
141 103
141 170
141 199
141 69
141 7
141 87
141 44
141 68
141 53
141 17
141 148
141 24
142 14
142 190
142 89
142 44
142 147
142 111
142 60
142 119
142 22
143 17
143 169
143 154
143 22
143 126
143 170
143 45
143 28
143 140
143 44
143 49
143 98
143 82
143 141
143 141
143 149
143 193
143 109
143 96
143 17
143 166
143 61
143 6
143 6
143 104
143 104
143 117
143 163
143 23
143 138
143 19
143 39
143 106
143 124
143 13
143 183
143 94
143 57
143 11
143 33
143 52
143 11
143 130
143 133
143 151
143 22
143 81
143 95
143 131
143 128
143 111
143 48
143 189
143 69
143 54
143 92
143 172
143 122
143 55
143 146
143 11
143 25
143 137
143 69
143 149
143 101
144 42
144 157
144 13
144 26
144 161
144 23
144 155
144 93
144 125
144 176
144 174
144 20
144 58
144 101
144 82
144 106
144 89
144 150
144 111
144 181
144 74
144 32
144 187
144 19
144 42
144 11
144 107
144 62
144 111
144 7
144 113
144 152
144 116
144 125
144 177
144 76
144 148
144 83
144 168
144 24
144 11
144 93
144 43
144 68
144 146
144 125
144 125
144 186
145 35
145 166
145 99
145 18
145 104
145 70
145 12
145 67
145 176
145 73
145 177
145 135
145 137
145 129
145 50
145 62
145 57
145 77
145 161
146 196
146 184
146 102
146 89
146 27
146 169
146 186
146 151
146 46
146 171
146 176
146 80
146 89
146 27
146 50
147 96
147 13
147 58
147 23
147 85
147 187
147 109
147 22
147 67
147 110
147 35
147 123
147 186
147 195
147 14
147 134
147 130
147 115
147 22
147 108
147 36
147 159
147 10
147 81
147 129
147 138
147 112
147 17
147 164
147 113
147 161
147 11
147 125
147 170
147 33
147 162
147 156
147 94
147 135
147 22
147 3
147 169
147 97
147 189
147 115
147 62
147 122
147 44
147 129
147 95
147 152
147 116
147 5
147 161
147 148
147 133
147 98
147 59
147 102
147 13
147 124
147 14
147 23
147 48
147 135
148 161
148 91
148 101
148 95
148 64
148 103
148 15
148 112
148 43
148 129
148 174
148 116
148 125
148 54
148 162
148 28
148 169
148 166
148 140
148 116
148 51
148 38
148 126
148 152
148 2
148 1
148 117
148 25
148 49
148 51
148 184
148 161
148 141
148 36
148 56
148 157
148 138
148 70
148 20
148 133
148 199
148 193
148 200
149 198
149 162
149 102
149 166
149 127
149 41
149 33
149 177
149 30
149 111
149 80
149 32
149 111
149 196
149 8
149 111
149 47
149 191
149 72
149 139
149 26
149 127
149 47
149 115
149 196
149 67
149 199
149 146
149 59
149 199
149 172
149 9
149 160
149 73
149 126
149 38
149 114
149 159
149 167
149 95
149 69
149 46
149 126
149 131
149 194
149 85
149 42
149 192
149 27
149 113
149 130
149 52
149 191
149 177
149 119
149 138
149 43
149 69
150 53
150 67
150 7
150 61
150 178
150 80
150 187
150 16
150 145
150 97
150 134
150 39
150 117
150 131
150 117
150 47
150 124
150 1
150 88
150 115
150 28
150 152
150 197
150 31
150 142
151 149
151 80
151 167
151 170
151 115
151 19
151 36
151 121
151 32
151 14
151 152
151 170
151 181
151 96
151 66
151 66
151 135
151 134
151 196
151 51
151 180
151 72
151 51
151 20
151 186
151 30
151 123
151 134
151 61
151 65
151 58
151 161
151 96
151 24
151 130
151 10
151 195
151 166
151 82
151 178
151 131
151 34
151 147
151 63
151 81
151 164
151 128
151 15
151 97
151 75
151 17
151 28
151 146
151 20
151 47
151 84
151 49
151 170
151 17
151 109
151 186
151 75
152 81
152 50
152 151
153 44
153 68
153 75
153 21
153 150
153 108
153 167
153 164
153 141
153 82
153 91
153 155
153 178
153 118
153 124
153 6
153 63
153 143
153 4
153 146
153 143
153 125
153 163
153 4
153 62
153 189
153 25
153 142
153 38
153 127
153 135
153 82
153 147
153 10
153 54
153 96
153 69
153 173
153 60
153 9
153 54
153 102
153 116
154 19
154 39
154 141
154 82
154 133
154 144
154 179
154 75
154 21
154 93
154 30
154 82
154 81
154 6
154 176
154 71
154 133
154 110
154 104
154 79
154 71
154 157
154 126
154 140
154 129
154 137
154 148
154 135
154 39
154 63
154 118
154 9
154 53
154 58
154 42
155 153
155 21
155 12
155 125
155 113
155 41
155 7
155 146
155 199
155 134
155 16
155 131
155 195
155 71
155 161
155 66
155 27
155 86
155 5
155 108
155 175
155 104
155 42
155 13
155 167
155 111
155 173
155 171
155 120
155 15
155 156
155 72
155 187
155 119
155 149
155 99
155 111
155 107
155 196
155 109
155 40
155 163
155 191
155 34
155 33
155 151
155 99
155 12
155 189
155 55
155 119
155 163
155 159
155 112
155 127
155 77
155 22
155 99
155 47
155 93
155 65
155 154
156 51
156 72
156 64
156 102
156 183
156 170
156 97
156 43
156 9
156 60
156 34
156 195
156 44
156 136
156 93
156 55
156 124
156 100
156 125
156 38
156 58
156 36
156 116
156 134
156 9
156 15
156 180
156 101
156 79
156 134
156 17
156 130
156 157
156 80
156 31
156 139
156 50
156 79
156 134
156 10
156 90
157 4
157 134
157 102
157 49
157 140
157 178
158 65
158 167
158 157
158 52
158 83
158 90
158 61
158 97
158 21
158 113
158 127
158 106
158 81
158 8
158 63
158 161
158 190
158 153
158 162
158 69
158 86
158 123
158 52
158 79
158 43
158 106
158 79
158 135
158 35
158 178
158 199
158 1
159 2
159 83
159 175
159 14
159 131
159 195
159 127
159 58
159 101
159 7
159 65
159 163
159 119
159 55
159 115
159 32
159 75
160 107
160 184
160 156
160 185
160 27
160 61
160 63
160 161
160 95
160 40
160 111
160 96
160 125
160 112
160 130
160 99
160 126
160 61
160 93
160 4
160 70
160 145
160 162
160 86
160 59
160 33
160 92
160 174
160 64
160 166
160 78
160 170
160 150
160 33
160 106
160 128
160 94
160 120
160 40
160 140
160 111
160 150
160 187
160 35
161 117
161 133
161 90
161 129
161 178
161 93
161 198
161 74
161 7
161 83
161 133
161 39
161 127
161 58
161 54
161 92
161 135
161 176
161 193
161 167
161 81
161 120
161 12
161 1
161 159
161 152
161 111
161 60
161 138
161 98
161 25
161 6
161 182
161 114
161 86
161 159
162 83
162 185
162 117
162 118
162 117
162 155
162 44
162 174
162 8
162 87
162 108
162 183
162 80
162 74
162 16
162 199
162 38
162 16
163 189
163 78
163 121
163 78
163 175
163 97
163 36
163 157
163 121
163 67
163 73
163 156
163 51
163 189
163 73
163 167
163 143
163 68
163 140
163 102
163 106
163 199
163 37
163 185
163 73
163 52
163 136
163 110
163 19
163 197
163 50
163 96
164 79
164 23
164 166
164 114
164 179
164 128
164 35
164 197
164 200
164 190
164 48
164 188
164 14
164 166
164 82
164 33
164 58
164 135
164 138
164 56
164 171
164 123
164 80
164 174
164 10
164 141
164 192
164 6
164 190
164 40
164 74
164 69
164 62
164 191
164 134
164 40
164 118
164 168
164 188
164 117
164 109
164 35
164 56
164 122
164 153
164 89
164 154
164 10
164 24
164 44
164 65
164 146
164 118
164 145
164 120
164 127
164 37
164 63
164 84
164 179
164 102
164 109
164 47
164 163
165 132
165 154
165 17
165 100
165 142
165 86
165 160
165 128
165 93
165 82
165 32
165 182
165 187
165 41
165 5
165 182
165 58
165 150
165 99
165 154
165 69
165 25
165 190
165 84
165 60
165 168
165 185
165 169
165 166
165 100
165 68
165 98
165 5
165 36
165 149
165 146
165 73
165 108
165 26
165 166
165 141
166 147
166 80
166 50
166 103
166 61
166 107
166 52
166 160
166 60
166 73
166 136
166 49
166 156
166 196
166 169
166 92
166 164
166 134
166 191
166 183
166 183
166 196
166 18
166 131
167 43
167 191
167 70
167 8
167 131
167 79
168 162
168 128
168 8
168 23
168 34
168 59
168 182
168 45
168 83
168 117
168 45
168 38
168 64
168 13
168 130
168 27
168 99
168 72
168 161
168 33
168 67
168 179
168 164
168 112
168 173
168 106
168 181
168 180
168 188
168 59
168 85
168 150
168 186
168 44
168 172
168 171
168 102
168 105
168 167
168 185
168 173
168 12
168 174
168 37
168 176
168 55
168 15
168 26
168 127
168 176
168 59
168 145
168 106
168 22
168 8
168 78
168 79
168 189
168 9
169 199
169 45
169 15
169 185
169 88
169 138
169 107
169 189
169 42
169 74
169 125
170 37
170 51
170 3
170 12
170 57
170 17
170 38
170 135
170 192
170 48
170 80
170 97
170 69
170 87
170 126
170 99
170 27
170 134
170 164
170 26
170 178
170 131
170 162
170 65
170 68
170 20
170 6
170 110
170 45
170 82
170 76
170 81
170 84
170 30
170 45
170 141
170 46
170 34
170 75
170 190
170 81
170 106
170 38
170 101
170 145
170 164
170 199
170 171
170 49
170 114
171 179
171 44
171 109
171 43
171 112
171 129
171 200
171 173
171 173
171 34
171 48
171 6
171 117
171 29
171 2
171 9
171 74
171 187
171 84
171 15
171 19
171 189
171 53
171 119
171 85
171 168
171 69
171 56
171 16
171 134
171 3
171 194
171 178
171 64
171 189
171 41
171 192
171 140
171 13
172 173
172 12
172 73
172 42
172 40
172 26
172 50
172 65
172 12
172 133
172 80
172 30
172 74
172 84
172 100
172 158
172 51
172 120
172 165
172 66
172 54
172 120
172 12
172 183
172 183
172 200
172 175
172 126
172 139
172 187
172 41
172 64
172 150
172 66
172 105
172 141
172 91
172 106
172 157
172 103
172 191
172 36
172 84
172 64
172 119
172 184
172 173
172 121
172 55
172 90
172 187
172 60
172 9
172 150
172 42
172 191
172 149
172 168
172 116
172 39
172 154
172 108
172 54
173 158
173 147
173 16
173 16
173 104
173 70
173 6
173 91
173 153
173 21
173 162
173 88
173 145
173 82
173 143
173 34
173 68
173 154
173 42
173 17
173 148
173 184
173 117
173 115
173 99
173 108
173 21
173 159
173 161
173 75
173 83
173 71
173 174
173 98
173 86
173 77
173 167
174 167
174 72
174 63
174 128
174 111
174 7
174 10
174 5
174 41
174 29
174 159
174 82
174 198
174 106
174 66
174 66
174 20
174 116
175 40
175 74
175 134
175 67
175 157
175 156
175 40
175 6
175 41
175 116
175 125
175 83
175 34
175 148
175 145
175 114
175 58
175 151
175 75
175 63
175 191
175 55
175 21
175 25
175 52
175 126
175 42
175 70
175 97
175 157
175 194
175 137
175 183
175 127
175 155
175 91
176 194
176 48
176 74
176 61
176 172
176 156
176 46
176 119
176 100
176 159
176 177
176 51
176 185
176 191
176 193
176 40
176 11
177 43
177 88
177 10
177 112
177 136
177 119
177 106
177 24
177 101
177 184
177 178
177 143
177 18
177 171
177 190
177 43
177 183
177 114
177 199
177 29
177 32
177 50
177 139
177 160
177 100
177 76
178 45
178 115
178 112
178 13
178 157
178 151
178 23
178 21
178 39
178 93
178 78
178 62
178 145
178 61
178 40
178 87
178 30
178 162
178 28
178 73
178 97
178 141
178 23
178 77
178 125
178 72
178 15
178 36
178 124
178 90
178 138
178 168
178 156
178 1
178 180
178 65
178 104
178 154
178 85
178 142
178 46
178 162
178 3
178 190
178 174
178 194
178 28
178 156
178 156
178 56
178 28
178 4
178 148
178 50
178 80
178 72
178 121
178 46
178 108
178 44
178 88
178 197
178 163
179 197
179 143
179 107
179 52
179 48
179 143
179 193
179 46
179 104
179 148
179 35
179 30
179 141
179 63
179 185
179 48
179 70
179 164
179 51
179 17
179 13
179 130
179 89
179 85
179 128
179 148
179 81
179 15
179 96
179 43
179 57
179 44
179 137
179 116
179 96
179 137
179 58
179 40
179 182
179 114
179 187
179 168
179 95
179 128
179 182
179 79
179 127
179 51
179 42
179 130
180 6
180 11
180 108
180 42
180 138
180 7
180 122
180 152
180 102
180 117
180 161
180 97
180 5
180 28
180 192
180 141
180 37
180 32
180 122
180 150
180 18
180 90
180 44
180 97
180 71
180 74
180 176
180 74
180 67
180 105
180 141
180 24
180 115
180 200
180 66
180 53
180 158
180 139
180 156
180 11
180 7
180 68
180 107
180 12
180 95
181 152
181 132
181 82
181 74
181 33
181 51
181 115
181 29
181 100
181 137
181 102
181 75
181 10
181 169
181 131
181 102
181 192
181 45
181 53
181 9
181 49
181 10
181 148
181 157
181 172
181 154
181 176
181 79
181 117
181 71
181 129
181 69
181 154
181 162
181 94
181 138
181 164
181 160
181 166
181 63
181 96
181 20
181 89
181 106
181 188
181 19
181 7
181 131
181 16
181 60
181 92
181 16
181 21
181 191
181 124
181 193
182 100
182 23
182 13
182 122
182 151
182 81
182 75
182 64
182 126
182 164
182 27
182 85
182 130
182 42
182 180
182 101
182 82
182 85
182 88
182 101
182 44
182 170
182 68
182 55
182 61
182 35
182 27
182 51
182 159
182 19
182 147
182 58
182 41
183 179
183 143
183 191
183 5
183 6
183 116
183 168
183 185
183 152
183 49
183 178
183 131
183 149
183 59
183 168
183 188
183 111
183 163
183 110
183 178
183 17
183 122
183 13
183 43
183 125
183 123
183 14
183 71
183 180
183 54
183 181
183 158
183 149
183 123
183 114
183 106
184 33
184 42
184 141
184 82
184 19
184 23
184 182
184 78
184 142
184 122
184 140
184 104
184 31
184 70
184 72
184 104
184 34
184 67
184 28
184 156
184 80
184 50
184 135
184 85
184 30
184 44
184 33
184 104
184 157
184 91
184 45
184 189
184 132
184 137
184 22
184 151
184 160
184 156
184 180
184 101
184 77
185 157
185 59
185 188
185 28
185 162
185 21
185 94
185 142
185 176
185 125
185 191
185 62
185 162
185 173
185 105
185 194
185 76
185 13
185 36
185 73
186 168
186 9
186 175
186 118
186 168
186 82
186 49
186 21
186 110
186 167
186 177
186 168
186 107
186 156
186 82
186 127
186 50
186 175
186 55
186 126
186 165
186 68
186 87
186 137
186 173
186 33
186 165
186 137
186 68
186 37
186 90
186 35
186 45
186 17
186 104
186 165
186 98
186 152
186 185
186 160
186 71
186 113
186 79
187 68
187 160
187 55
187 69
187 134
187 61
187 195
187 51
187 129
187 33
187 53
187 65
187 151
188 133
188 187
188 31
188 119
188 184
188 47
188 23
188 148
188 96
188 126
188 84
188 55
188 196
188 196
188 134
188 124
188 15
188 45
188 179
188 36
188 131
188 39
188 182
188 133
188 119
188 14
188 119
188 171
189 70
189 160
189 11
189 8
189 142
189 81
189 191
189 188
189 103
189 90
189 35
189 29
189 173
189 42
189 176
189 120
189 127
189 100
189 87
189 123
189 30
189 122
189 5
189 20
189 103
189 137
189 139
189 116
189 56
189 109
189 146
189 77
189 20
189 156
189 36
189 161
189 27
189 100
189 91
189 116
189 87
189 71
189 41
189 128
189 199
189 160
189 6
189 98
189 46
189 128
189 127
189 167
189 133
189 98
189 21
189 69
189 36
189 89
189 76
189 97
189 34
189 152
189 68
189 142
189 188
190 130
190 166
190 32
190 20
190 33
190 118
190 43
190 73
190 197
190 41
190 33
190 2
190 90
190 30
190 82
190 168
190 149
190 14
190 65
190 169
190 34
190 53
190 57
190 110
190 149
190 91
190 61
190 16
190 32
190 200
190 148
190 161
190 117
190 180
190 132
190 150
191 126
191 22
191 46
191 118
191 6
191 199
191 7
191 36
191 80
191 126
191 136
191 93
191 104
191 127
191 43
191 113
191 188
191 143
191 155
191 200
191 110
191 138
191 200
191 58
191 50
191 116
191 37
191 133
191 17
191 85
191 59
191 39
191 82
191 176
191 196
191 81
191 135
191 31
191 160
191 60
191 118
191 5
191 2
191 22
191 83
191 196
191 86
191 70
191 138
191 40
191 69
191 200
191 129
191 20
191 57
191 178
191 88
191 45
191 110
192 81
192 120
192 142
192 115
192 96
192 90
192 195
192 30
192 120
192 106
192 41
192 190
192 62
192 43
192 11
192 144
192 38
192 48
192 165
192 128
192 39
192 186
192 127
192 167
192 5
192 135
192 96
192 44
192 131
192 5
192 148
192 11
192 125
192 41
192 125
192 172
192 130
192 71
192 153
192 2
192 177
192 193
192 191
192 38
192 35
192 153
192 134
192 25
192 200
192 50
192 152
192 190
192 35
192 78
192 108
193 164
193 3
193 35
193 94
193 159
193 134
193 104
193 35
193 175
193 181
193 6
193 56
193 3
193 110
193 57
193 179
193 103
193 199
193 169
193 89
193 151
193 54
193 113
193 102
193 103
193 16
193 43
193 138
193 45
194 81
194 8
194 152
194 115
194 101
194 111
194 1
194 157
194 145
194 175
194 137
194 103
194 182
194 139
194 12
194 191
194 70
194 66
194 189
194 190
194 155
194 92
194 43
194 19
194 145
194 145
194 35
194 188
194 82
194 79
194 137
194 162
194 87
194 89
194 29
195 151
195 29
195 95
195 47
195 155
195 183
195 149
195 88
195 74
195 161
195 78
195 143
195 178
195 67
195 84
195 132
195 110
195 126
195 151
195 54
195 70
195 137
195 41
195 104
195 167
195 178
195 17
195 5
196 197
196 144
196 168
196 177
196 38
196 14
196 83
196 173
196 115
197 46
197 27
197 48
197 140
198 66
198 23
198 136
198 127
198 148
198 38
198 181
198 169
198 126
198 21
198 72
198 44
198 150
198 89
198 49
198 167
198 37
198 144
198 86
198 14
198 133
198 52
198 96
198 105
198 166
198 66
198 150
198 192
198 66
198 89
198 147
198 83
198 63
198 34
198 10
198 10
198 71
198 190
198 179
198 148
198 162
198 2
198 192
198 64
198 42
198 40
198 182
198 79
198 183
198 68
198 92
198 67
198 119
198 139
198 172
198 36
198 157
198 73
198 179
198 22
198 162
198 125
198 56
198 24
198 159
199 186
199 181
199 6
199 116
199 129
199 120
199 117
199 72
199 183
199 159
199 111
199 164
199 37
199 45
199 183
199 80
199 63
199 53
199 18
199 34
199 88
199 174
199 107
199 18
199 147
199 20
199 143
199 3
199 195
199 101
199 19
199 180
199 33
199 25
199 47
199 161
199 144
199 164
199 32
199 78
199 122
199 94
199 193
199 158
199 90
199 176
199 189
199 105
199 28
199 6
199 138
199 68
199 132
199 196
199 85
199 78
199 15
199 179
200 162
200 31
200 51
200 93
200 64
200 27
200 140
200 176
200 170
200 103
200 160
200 199
200 24
200 5
200 191
200 133
200 47
