100
1 16
1 60
1 3
1 11
1 84
1 1
1 67
1 93
1 100
1 90
1 18
1 59
1 47
1 82
1 71
1 85
1 100
1 51
1 91
1 56
1 81
1 67
1 74
1 46
1 82
1 80
1 28
1 13
1 70
2 93
2 38
2 23
2 47
2 100
2 59
2 99
2 19
2 51
2 99
2 60
2 20
2 9
2 6
2 2
2 32
2 42
2 53
2 82
2 33
2 9
2 14
2 99
2 82
2 59
3 13
3 87
3 45
3 34
3 50
3 90
3 71
3 25
3 88
3 23
3 83
3 87
3 41
3 33
3 37
4 53
4 45
4 5
4 6
4 76
4 47
4 58
4 9
4 31
4 66
4 22
4 29
4 99
4 33
4 13
4 63
4 71
4 10
4 97
5 51
5 19
5 44
5 38
5 41
5 26
5 24
5 81
5 11
5 12
5 32
5 15
5 9
5 89
5 72
5 36
5 87
5 29
5 45
5 17
5 47
5 18
5 97
5 97
5 2
6 60
6 72
6 71
6 56
6 44
6 21
6 74
6 39
6 58
6 67
7 34
7 99
8 45
8 31
8 93
8 53
8 71
8 64
8 41
8 57
8 44
8 85
8 73
8 90
8 54
8 69
8 39
8 8
8 30
9 79
9 100
9 5
9 74
10 30
10 13
10 30
10 96
10 29
10 15
10 95
10 7
10 59
10 77
10 51
10 64
10 47
10 14
10 4
10 55
10 9
11 27
11 51
11 45
11 47
11 89
11 52
11 29
11 38
11 83
11 80
11 42
11 8
11 52
11 71
11 20
11 81
11 19
11 100
11 95
11 13
11 58
11 5
11 41
11 8
11 20
11 39
12 23
12 93
12 82
12 14
12 19
12 32
12 11
12 17
12 72
12 62
12 45
12 9
12 96
12 25
13 4
13 76
13 72
13 75
13 8
13 90
13 75
13 54
13 54
13 32
13 10
13 94
13 92
13 30
13 32
13 64
13 4
13 24
13 45
13 18
13 94
13 28
13 28
13 11
14 41
14 7
14 59
14 89
14 31
14 8
14 92
14 58
14 32
14 18
14 17
14 21
14 92
14 70
14 75
14 76
14 32
14 68
14 67
14 61
14 52
14 30
14 64
15 27
15 33
15 21
15 6
15 60
15 31
15 5
15 53
15 89
15 63
15 41
16 23
16 84
16 29
16 54
16 1
16 46
16 26
16 45
16 67
16 100
16 20
16 98
16 20
16 38
16 10
16 71
16 19
16 74
16 97
16 45
16 6
16 69
16 51
16 18
16 51
16 7
16 70
16 40
16 21
16 62
16 11
16 95
17 39
17 100
17 45
17 36
17 26
17 41
17 55
17 77
17 60
17 4
17 96
17 49
17 14
17 18
17 68
17 39
17 67
18 96
18 35
18 66
18 65
18 38
18 24
18 86
18 77
18 97
18 47
18 87
19 43
19 77
19 91
19 88
19 13
19 68
19 28
19 19
19 44
19 40
19 74
19 92
19 40
19 87
19 9
19 7
19 77
19 27
19 23
19 25
19 14
19 88
19 41
19 51
19 12
19 27
20 8
20 25
20 65
20 50
20 68
20 41
20 92
20 7
20 5
20 59
20 86
20 23
21 25
21 97
21 46
21 65
21 35
21 6
21 23
22 33
22 45
22 88
22 98
22 85
22 80
22 48
22 48
22 6
22 26
22 7
22 31
22 90
22 56
22 50
22 30
22 100
22 56
22 35
22 58
22 41
22 57
22 64
22 18
22 5
22 9
22 34
22 40
23 56
23 55
23 99
23 53
23 94
23 96
23 89
23 73
23 43
23 36
23 79
23 68
23 42
23 61
23 57
24 10
24 38
24 48
24 17
24 72
24 58
24 57
24 81
24 21
24 74
24 85
24 30
24 59
24 76
25 67
25 30
25 46
25 19
25 23
25 41
26 48
26 35
26 46
26 78
26 54
26 87
26 90
27 87
27 51
27 99
27 87
27 67
27 71
27 44
27 23
27 3
27 64
27 49
27 87
27 45
27 59
27 15
27 92
27 25
27 96
27 37
27 95
27 71
27 29
27 53
27 18
27 63
27 98
27 95
27 16
27 36
27 84
27 29
27 23
27 34
27 28
28 100
28 50
28 4
28 74
28 52
28 19
28 74
28 90
28 64
28 33
28 56
28 7
28 57
28 52
28 44
28 52
28 22
28 72
28 56
28 39
28 87
28 54
28 33
28 2
28 41
28 68
28 83
28 15
28 1
28 10
28 75
28 52
28 11
28 78
29 62
29 97
29 51
29 3
29 12
29 83
29 11
29 18
29 91
29 62
29 13
29 94
29 83
29 37
29 50
29 73
29 23
29 55
29 57
29 76
29 95
29 24
29 58
29 10
29 76
29 19
29 36
29 27
29 29
30 3
30 42
30 62
30 53
30 45
30 25
30 87
30 55
30 94
30 30
30 68
30 7
30 23
30 2
30 43
30 72
30 74
30 17
30 26
30 82
30 92
30 73
30 57
30 2
30 34
30 32
30 20
30 69
30 10
30 49
30 34
30 12
30 90
31 17
31 86
31 19
31 55
31 92
31 65
31 84
31 59
31 71
31 7
31 60
32 30
32 85
32 33
32 56
32 18
33 80
33 74
33 25
33 13
33 57
33 97
33 33
33 66
33 45
33 67
33 30
33 34
33 61
33 46
33 72
33 32
33 100
34 96
34 84
34 22
34 18
34 90
34 33
34 82
34 19
34 70
34 14
34 26
34 87
34 89
34 57
34 13
34 66
34 21
34 69
34 62
34 54
34 35
34 58
34 20
34 64
35 80
35 61
35 14
35 63
35 60
35 77
35 58
35 95
35 50
35 27
35 36
35 34
35 8
35 7
35 3
35 73
35 84
35 42
35 14
35 41
35 54
35 31
35 61
35 22
36 66
36 8
36 1
36 85
36 23
36 43
36 17
36 83
36 57
36 79
36 95
36 85
37 89
37 34
37 15
37 77
37 67
37 75
37 83
37 22
37 99
37 66
37 63
37 12
37 58
37 68
38 71
38 89
38 85
38 36
38 49
38 85
38 73
38 71
38 80
38 89
38 54
38 36
38 19
38 48
38 72
39 88
39 57
39 26
39 64
39 75
39 100
39 46
39 96
39 50
39 64
39 10
39 14
39 73
39 77
39 7
39 43
39 18
39 44
39 31
40 28
40 3
40 36
40 59
40 43
40 41
40 46
40 61
41 17
41 20
41 80
41 73
41 45
41 43
41 48
41 96
41 41
41 95
41 97
41 56
41 5
41 10
41 28
41 81
41 17
41 23
41 50
41 60
41 53
41 15
41 39
41 7
42 98
42 49
42 95
42 43
42 9
42 35
42 12
42 80
43 84
43 76
43 60
43 83
43 23
43 100
43 78
43 20
43 7
43 82
43 29
43 87
43 14
43 97
43 9
43 64
44 13
44 30
44 47
44 19
44 32
44 96
44 67
44 79
44 38
44 27
44 65
44 49
44 59
44 30
44 85
44 86
44 89
44 67
44 61
44 41
44 96
44 80
44 47
44 29
44 60
44 85
44 43
44 57
44 93
44 58
44 64
44 57
44 39
44 10
45 23
45 5
45 93
45 1
45 95
45 72
45 65
45 95
45 82
45 94
45 31
45 67
45 34
45 50
45 27
45 74
45 45
45 58
45 73
45 74
45 18
45 57
45 68
45 26
45 50
45 77
45 89
45 6
45 15
45 51
45 33
45 37
46 77
46 89
46 53
46 48
46 53
46 100
46 29
46 46
47 48
47 80
47 79
47 74
47 5
47 76
48 77
48 49
48 1
48 34
48 68
48 78
48 35
48 96
48 66
48 92
48 62
48 68
48 76
48 99
48 75
48 53
48 87
48 79
48 100
48 92
48 78
48 81
48 89
48 8
48 28
48 20
48 38
48 53
48 25
49 36
49 1
49 13
49 88
50 80
50 65
50 72
50 27
50 83
50 64
50 89
50 50
50 39
50 39
50 76
50 43
50 25
50 55
50 43
50 68
50 84
50 23
50 57
51 2
51 76
51 29
51 54
51 100
51 93
51 42
51 53
51 6
51 81
51 90
51 85
51 46
51 62
51 12
51 80
51 77
51 52
51 29
51 67
51 90
51 57
51 10
51 66
51 63
51 4
51 34
52 78
52 90
52 89
52 79
52 17
52 69
52 84
52 17
52 61
52 25
52 21
52 66
52 58
52 62
52 3
52 3
52 23
52 66
52 34
52 51
52 17
52 14
52 18
52 6
52 70
52 27
52 71
52 84
53 4
53 82
53 59
53 45
53 70
54 62
54 90
54 72
54 30
54 50
54 49
54 2
55 6
55 63
55 70
56 38
56 87
56 41
56 88
56 3
56 54
56 5
56 60
56 76
56 83
56 30
56 11
56 64
56 86
56 92
56 22
56 82
56 13
56 10
56 43
56 2
56 82
56 72
56 4
56 30
56 73
56 71
56 35
56 88
56 92
56 94
56 25
56 78
57 12
57 32
57 91
57 69
57 91
57 18
57 51
57 72
57 29
57 15
57 9
57 20
57 88
57 91
57 33
57 50
57 33
57 86
57 31
57 57
57 89
57 12
57 81
57 11
57 46
57 68
57 2
57 91
57 92
57 31
57 76
57 4
57 62
57 18
58 52
58 36
58 74
58 76
58 64
58 40
58 84
58 35
58 80
58 74
58 67
59 7
59 5
59 59
59 63
59 93
59 70
59 43
59 4
59 67
59 63
59 57
59 57
60 88
60 84
60 9
60 49
60 1
60 32
60 53
60 36
60 6
60 28
60 51
60 97
60 11
61 76
61 37
61 4
61 4
61 43
61 8
61 62
61 57
61 53
61 83
61 51
61 56
61 49
61 13
61 12
61 57
61 19
61 51
61 40
61 27
61 100
61 41
61 59
61 52
61 28
61 16
61 31
61 79
61 64
61 93
61 16
61 40
61 29
61 19
62 23
62 79
62 57
62 79
62 31
62 91
62 82
62 38
62 40
62 94
62 1
62 48
62 12
62 52
62 88
62 91
63 28
63 49
63 54
63 55
63 16
63 36
63 85
63 31
63 28
63 100
63 70
63 9
63 19
63 65
63 31
63 49
63 73
63 62
63 79
63 63
64 68
64 54
64 36
64 68
64 2
64 100
64 19
64 89
64 90
64 21
64 68
64 90
64 26
64 22
64 5
64 13
64 7
64 35
64 93
64 58
64 57
65 76
65 73
65 31
65 24
65 45
65 44
65 54
65 7
65 86
65 21
65 13
65 22
65 89
65 66
65 73
65 59
65 6
65 62
65 32
65 73
65 51
65 57
65 46
65 7
65 70
65 4
65 93
65 14
65 62
65 49
65 14
65 89
66 96
66 13
67 40
67 18
67 76
67 25
67 39
67 88
67 98
67 79
67 53
67 70
67 89
67 58
67 83
67 20
68 33
68 77
68 27
68 39
68 98
68 31
68 32
68 11
68 92
68 32
68 76
68 32
68 5
68 71
68 44
68 21
68 62
68 14
68 96
68 39
68 4
68 35
68 88
68 82
68 39
68 10
68 70
68 48
69 42
69 29
69 25
69 70
69 56
69 15
69 19
69 38
69 98
69 29
69 81
69 82
69 56
69 12
69 86
69 78
69 8
69 58
69 92
69 21
69 6
69 30
69 76
69 40
69 69
69 57
69 31
69 78
69 78
69 78
70 71
70 7
70 46
70 40
70 14
70 12
70 58
70 3
70 62
70 38
70 83
70 43
70 93
70 46
70 80
70 23
70 53
70 89
70 14
70 25
71 43
71 100
71 86
71 11
71 8
71 16
71 41
71 38
71 93
71 62
71 8
71 51
71 7
71 48
71 64
71 70
71 57
71 66
71 31
71 95
71 100
71 25
71 39
71 46
71 4
71 61
72 45
72 74
72 27
72 38
72 16
72 78
72 75
72 79
73 90
73 19
73 75
73 35
73 80
73 34
73 85
73 38
73 33
73 1
73 59
73 90
73 66
73 90
73 36
74 66
74 74
74 15
74 70
74 35
74 64
74 14
74 8
74 42
74 3
74 76
74 20
74 78
74 54
74 57
74 19
74 24
75 53
75 55
75 16
75 38
75 44
76 38
76 2
76 42
76 55
76 43
76 77
76 24
76 61
76 50
76 38
76 30
76 84
76 54
76 95
77 95
77 49
77 19
77 66
77 26
78 22
78 45
78 47
78 4
78 49
78 53
79 38
79 48
79 24
80 1
80 65
80 82
80 44
80 41
80 57
80 4
80 90
80 95
80 85
80 26
80 100
80 31
80 69
80 94
80 79
80 87
80 60
80 57
80 10
80 33
80 53
80 56
80 89
80 1
80 60
80 12
81 7
81 35
81 65
81 7
81 99
81 98
81 2
81 91
81 7
81 57
81 80
81 53
81 41
81 57
81 52
82 25
82 97
82 54
82 11
82 8
82 10
82 20
82 41
82 14
82 27
82 81
82 66
82 86
82 92
82 4
82 92
82 78
82 21
82 51
82 28
82 70
82 52
82 18
82 76
83 97
83 28
83 1
83 54
83 31
83 76
83 30
83 28
83 29
84 35
84 90
84 12
84 27
84 3
84 39
84 7
84 68
84 24
84 50
84 24
84 68
84 79
84 96
84 18
84 6
84 17
84 21
84 23
84 93
84 29
84 72
84 72
84 82
84 77
84 3
84 57
84 6
84 82
84 85
85 16
85 26
85 58
85 95
85 28
85 48
85 1
85 47
85 23
85 3
85 22
85 42
85 81
85 17
85 59
86 34
86 32
86 61
86 78
86 12
86 32
86 1
86 93
86 60
86 55
86 49
86 66
86 36
86 85
86 63
86 52
86 10
86 72
86 46
86 89
86 19
87 88
87 94
87 52
87 9
87 35
87 85
87 78
87 46
87 23
87 11
87 77
87 83
87 40
87 88
87 67
88 33
88 26
88 47
88 33
88 43
88 82
88 18
88 6
89 79
89 29
89 30
89 20
89 100
89 80
89 7
89 93
89 31
89 15
89 27
89 15
89 92
89 72
89 37
89 54
89 100
89 72
89 45
89 88
89 38
89 37
89 72
89 15
89 83
89 4
89 58
89 64
89 21
89 15
90 52
90 95
90 78
90 71
90 94
90 57
90 77
90 86
90 88
90 43
90 65
90 54
90 87
90 88
90 91
90 40
90 88
90 14
90 85
90 27
90 3
90 21
90 98
90 17
90 3
90 1
90 26
90 66
90 74
91 14
91 77
91 87
91 92
91 99
91 80
91 100
91 27
91 18
91 87
91 69
91 34
91 93
92 21
92 83
92 47
92 60
92 48
92 31
92 38
93 3
93 87
93 18
93 5
93 40
93 96
93 22
93 65
93 87
93 88
93 41
93 25
93 31
93 39
93 57
93 30
93 65
93 26
93 69
93 85
93 59
93 61
93 92
93 31
93 95
93 38
93 43
93 42
93 68
94 43
94 22
94 71
94 60
94 78
94 62
94 7
94 99
94 26
94 46
94 38
94 18
94 70
94 68
94 8
94 78
94 98
94 24
94 3
94 66
94 60
94 13
94 26
94 51
94 96
94 20
94 88
94 90
94 13
94 7
94 21
94 55
94 28
95 66
95 5
95 4
95 73
95 56
95 81
95 18
95 93
95 50
95 39
95 61
95 57
95 17
95 10
95 32
95 71
95 75
95 92
95 84
95 52
95 42
95 79
95 23
95 30
95 20
95 35
95 88
95 92
95 41
95 16
95 35
95 6
95 72
95 38
96 79
96 71
96 95
96 24
96 20
96 34
96 36
96 77
96 2
96 45
96 8
96 72
96 71
96 51
96 7
96 22
96 93
96 37
96 96
96 74
96 56
96 82
96 61
96 48
96 22
96 76
97 27
97 100
97 71
97 5
97 78
97 41
97 51
97 53
97 61
97 36
97 88
97 89
97 37
97 32
98 61
98 2
98 99
98 67
98 75
98 91
98 4
98 70
98 64
98 59
98 3
98 24
98 6
98 24
98 52
98 39
98 51
98 3
99 7
99 32
99 50
99 9
99 85
99 62
99 45
99 72
99 50
99 33
99 4
99 98
99 45
99 57
99 96
99 12
99 84
99 38
99 15
99 5
99 53
99 25
99 8
99 28
99 83
100 31
100 21
100 33
100 33
100 82
100 39
100 17
100 84
100 48
100 1
100 45
100 44
100 24
100 47
100 28
100 79
100 44
100 73
100 36
100 91
100 84
100 71
100 80
100 50
100 75
100 32
100 26
100 82
101 8
101 13
101 90
101 29
101 97
101 74
101 10
101 36
101 90
101 93
101 35
101 90
101 90
101 78
101 14
101 36
101 5
101 92
101 31
101 29
101 79
101 21
