30
1 2
2 3
3 4
4 5
5 6
6 7
7 8
8 9
9 10
10 11
11 12
12 13
13 14
14 15
15 16
16 17
17 18
18 19
19 20
20 21
21 22
22 23
23 24
24 25
25 26
26 27
27 28
28 29
29 30
30 1
22 26
19 27
2 25
17 19
7 22
12 27
1 15
7 23
7 26
20 21
1 14
11 14
3 15
20 26
18 19
9 12
8 17
1 25
2 28
3 27
11 21
15 16
17 29
5 16
1 5
9 20
7 8
14 26
6 17
17 20
7 30
6 8
20 23
5 6
11 25
7 11
4 16
10 23
13 22
5 24
8 10
7 28
7 12
7 29
18 26
8 9
26 30
14 19
10 26
17 25
7 10
22 27
18 28
18 27
5 14
21 22
10 12
22 23
6 9
2 29
15 21
2 8
1 11
9 10
17 28
10 25
7 25
13 26
16 26
9 11
17 27
1 12
28 30
6 12
11 24
6 23
8 11
4 13
15 20
16 28
16 17
3 26
2 27
25 30
13 28
21 28
26 28
24 25
2 13
24 28
25 26
12 25
10 27
19 29
5 25
4 18
15 28
4 5
25 29
2 14
20 28
8 24
1 9
3 5
6 10
2 22
26 27
14 30
19 30
3 17
11 13
2 12
6 16
19 22
8 27
2 21
5 26
10 22
13 20
8 30
8 15
11 29
12 26
16 18
7 15
5 17
4 9
12 28
1 13
14 18
8 26
9 27
2 17
6 29
13 16
12 23
1 16
3 6
4 24
2 19
8 25
5 22
2 5
20 24
9 19
22 24
2 10
6 27
13 29
2 30
1 22
11 17
14 15
23 28
3 12
4 28
16 30
4 12
3 18
6 15
9 30
6 11
6 24
3 16
7 24
4 7
24 27
5 19
9 23
10 29
2 24
9 13
23 26
28 29
12 17
5 11
5 29
9 21
16 20
21 23
3 21
2 16
15 24
24 30
7 17
8 20
16 23
3 13
8 13
5 9
11 19
13 21
1 7
8 19
14 20
20 25
9 29
13 27
4 27
14 22
19 23
9 15
4 17
1 10
4 21
20 29
13 15
19 21
7 19
14 21
5 18
14 17
12 13
16 25
21 25
18 25
14 27
1 2
15 27
3 24
18 23
12 22
19 24
12 21
5 13
5 28
4 14
10 11
7 9
4 6
27 29